#k-distance eigenvalue[eV]
0.00000000 -19.26320000
0.02976211 -19.26080000
0.05952423 -19.25370000
0.08928634 -19.24190000
0.11904848 -19.22530000
0.14881060 -19.20390000
0.17857271 -19.17790000
0.20833482 -19.14710000
0.23809694 -19.11170000
0.26785905 -19.07160000
0.29762120 -19.02690000
0.32738331 -18.97760000
0.35714542 -18.92380000
0.38690754 -18.86540000
0.41666965 -18.80250000
0.44643176 -18.73530000
0.47619391 -18.66380000
0.50595602 -18.58810000
0.53571813 -18.50830000
0.56548025 -18.42470000
0.59524236 -18.33730000
0.62500447 -18.24640000
0.65476662 -18.15240000
0.68452873 -18.05530000
0.71429084 -17.95580000
0.74405296 -17.85390000
0.77381507 -17.75020000
0.80357719 -17.64500000
0.83333933 -17.53860000
0.86310144 -17.43130000
0.89286356 -17.32330000
0.92262567 -17.21500000
0.95238778 -17.10650000
0.98214990 -16.99830000
1.01191204 -16.89080000
1.04167415 -16.78430000
1.07143627 -16.67940000
1.10119838 -16.57660000
1.13096049 -16.47680000
1.16072261 -16.38060000
1.19048475 -16.28890000
1.22024686 -16.20270000
1.25000898 -16.12310000
1.27977109 -16.05100000
1.30953321 -15.98750000
1.33929532 -15.93390000
1.36905746 -15.89090000
1.39881958 -15.85960000
1.42858169 -15.84050000
1.45834380 -15.83410000
1.45834380 -15.83410000
1.47553157 -15.83360000
1.49271935 -15.83220000
1.50990712 -15.82990000
1.52709489 -15.82670000
1.54428268 -15.82250000
1.56147046 -15.81750000
1.57865823 -15.81160000
1.59584600 -15.80470000
1.61303377 -15.79700000
1.63022154 -15.78850000
1.64740931 -15.77910000
1.66459708 -15.76890000
1.68178485 -15.75780000
1.69897265 -15.74600000
1.71616042 -15.73350000
1.73334819 -15.72020000
1.75053596 -15.70620000
1.76772373 -15.69150000
1.78491150 -15.67620000
1.80209928 -15.66030000
1.81928705 -15.64390000
1.83647482 -15.62690000
1.85366261 -15.60940000
1.87085039 -15.59150000
1.88803816 -15.57330000
1.90522593 -15.55470000
1.92241370 -15.53590000
1.93960147 -15.51690000
1.95678924 -15.49770000
1.97397701 -15.47860000
1.99116478 -15.45940000
2.00835255 -15.44030000
2.02554035 -15.42150000
2.04272812 -15.40290000
2.05991589 -15.38470000
2.07710366 -15.36690000
2.09429143 -15.34970000
2.11147921 -15.33320000
2.12866698 -15.31750000
2.14585475 -15.30270000
2.16304252 -15.28890000
2.18023032 -15.27620000
2.19741809 -15.26490000
2.21460586 -15.25490000
2.23179363 -15.24650000
2.24898140 -15.23970000
2.26616917 -15.23460000
2.28335694 -15.23150000
2.30054471 -15.23040000
2.30054471 -15.23040000
2.33492054 -15.23470000
2.36929637 -15.24820000
2.40367219 -15.27180000
2.43804802 -15.30580000
2.47242385 -15.35050000
2.50679967 -15.40590000
2.54117550 -15.47160000
2.57555138 -15.54730000
2.60992720 -15.63230000
2.64430303 -15.72580000
2.67867886 -15.82680000
2.71305468 -15.93440000
2.74743051 -16.04770000
2.78180634 -16.16570000
2.81618216 -16.28750000
2.85055799 -16.41220000
2.88493387 -16.53900000
2.91930969 -16.66730000
2.95368552 -16.79650000
2.98806135 -16.92600000
3.02243717 -17.05530000
3.05681300 -17.18410000
3.09118883 -17.31210000
3.12556465 -17.43900000
3.15994048 -17.56440000
3.19431631 -17.68800000
3.22869218 -17.80960000
3.26306801 -17.92860000
3.29744384 -18.04460000
3.33181966 -18.15700000
3.36619549 -18.26540000
3.40057132 -18.36940000
3.43494714 -18.46850000
3.46932297 -18.56250000
3.50369880 -18.65110000
3.53807467 -18.73420000
3.57245050 -18.81150000
3.60682633 -18.88300000
3.64120215 -18.94850000
3.67557798 -19.00800000
3.70995381 -19.06130000
3.74432963 -19.10850000
3.77870546 -19.14940000
3.81308129 -19.18410000
3.84745716 -19.21260000
3.88183299 -19.23470000
3.91620882 -19.25050000
3.95058464 -19.26000000
3.98496047 -19.26320000
3.98496047 -19.26320000
3.98891904 -19.26320000
3.99287760 -19.26320000
3.99683617 -19.26320000
4.00079473 -19.26320000
4.00475330 -19.26320000
4.00871186 -19.26320000
4.01267043 -19.26320000
4.01662899 -19.26320000
4.02058756 -19.26320000
4.02454613 -19.26320000
4.02850469 -19.26320000
4.03246326 -19.26320000
4.03642182 -19.26320000
4.04038039 -19.26320000
4.04433895 -19.26320000
4.04829752 -19.26320000
4.05225609 -19.26320000
4.05621465 -19.26320000
4.06017321 -19.26320000
4.06413178 -19.26320000
4.06809034 -19.26320000
4.07204891 -19.26320000
4.07600748 -19.26320000
4.07996604 -19.26320000
4.08392461 -19.26320000
4.08788317 -19.26320000
4.09184174 -19.26320000
4.09580031 -19.26320000
4.09975887 -19.26320000
4.10371744 -19.26320000
4.10767600 -19.26320000
4.11163457 -19.26320000
4.11559313 -19.26320000
4.11955170 -19.26320000
4.12351026 -19.26320000
4.12746883 -19.26320000
4.13142739 -19.26320000
4.13538596 -19.26320000
4.13934452 -19.26320000
4.14330309 -19.26320000
4.14726166 -19.26320000
4.15122022 -19.26320000
4.15517879 -19.26320000
4.15913735 -19.26320000
4.16309592 -19.26320000
4.16705449 -19.26320000
4.17101305 -19.26320000
4.17497162 -19.26320000
4.17893018 -19.26320000
4.17893018 -19.26320000
4.20869229 -19.26080000
4.23845441 -19.25370000
4.26821652 -19.24190000
4.29797866 -19.22530000
4.32774078 -19.20390000
4.35750289 -19.17790000
4.38726501 -19.14710000
4.41702712 -19.11170000
4.44678923 -19.07160000
4.47655138 -19.02690000
4.50631349 -18.97760000
4.53607560 -18.92370000
4.56583772 -18.86540000
4.59559983 -18.80250000
4.62536194 -18.73530000
4.65512409 -18.66380000
4.68488620 -18.58810000
4.71464831 -18.50840000
4.74441043 -18.42470000
4.77417254 -18.33730000
4.80393466 -18.24650000
4.83369680 -18.15230000
4.86345891 -18.05530000
4.89322103 -17.95570000
4.92298314 -17.85390000
4.95274525 -17.75020000
4.98250737 -17.64500000
5.01226951 -17.53860000
5.04203162 -17.43120000
5.07179374 -17.32330000
5.10155585 -17.21490000
5.13131796 -17.10650000
5.16108008 -16.99830000
5.19084222 -16.89070000
5.22060433 -16.78420000
5.25036645 -16.67930000
5.28012856 -16.57660000
5.30989068 -16.47680000
5.33965279 -16.38060000
5.36941493 -16.28890000
5.39917705 -16.20270000
5.42893916 -16.12300000
5.45870127 -16.05090000
5.48846339 -15.98750000
5.51822550 -15.93390000
5.54798764 -15.89090000
5.57774976 -15.85960000
5.60751187 -15.84050000
5.63727398 -15.83410000
5.63727398 -15.83410000
5.65446176 -15.83360000
5.67164953 -15.83230000
5.68883730 -15.83000000
5.70602507 -15.82670000
5.72321286 -15.82260000
5.74040064 -15.81750000
5.75758841 -15.81160000
5.77477618 -15.80470000
5.79196395 -15.79700000
5.80915172 -15.78850000
5.82633949 -15.77910000
5.84352726 -15.76890000
5.86071503 -15.75780000
5.87790283 -15.74600000
5.89509060 -15.73350000
5.91227837 -15.72020000
5.92946614 -15.70620000
5.94665391 -15.69150000
5.96384169 -15.67620000
5.98102946 -15.66030000
5.99821723 -15.64380000
6.01540500 -15.62690000
6.03259279 -15.60940000
6.04978057 -15.59150000
6.06696834 -15.57330000
6.08415611 -15.55470000
6.10134388 -15.53590000
6.11853165 -15.51690000
6.13571942 -15.49770000
6.15290719 -15.47860000
6.17009496 -15.45940000
6.18728273 -15.44030000
6.20447053 -15.42140000
6.22165830 -15.40280000
6.23884607 -15.38460000
6.25603384 -15.36680000
6.27322162 -15.34970000
6.29040939 -15.33310000
6.30759716 -15.31740000
6.32478493 -15.30260000
6.34197270 -15.28880000
6.35916050 -15.27620000
6.37634827 -15.26480000
6.39353604 -15.25490000
6.41072381 -15.24640000
6.42791158 -15.23970000
6.44509935 -15.23460000
6.46228712 -15.23150000
6.47947489 -15.23040000
6.47947489 -15.23040000
6.51385072 -15.23470000
6.54822655 -15.24820000
6.58260237 -15.27180000
6.61697820 -15.30580000
6.65135403 -15.35050000
6.68572985 -15.40580000
6.72010568 -15.47160000
6.75448156 -15.54730000
6.78885738 -15.63230000
6.82323321 -15.72570000
6.85760904 -15.82680000
6.89198486 -15.93440000
6.92636069 -16.04770000
6.96073652 -16.16570000
6.99511234 -16.28750000
7.02948817 -16.41220000
7.06386405 -16.53900000
7.09823987 -16.66730000
7.13261570 -16.79650000
7.16699153 -16.92600000
7.20136735 -17.05530000
7.23574318 -17.18410000
7.27011901 -17.31210000
7.30449483 -17.43900000
7.33887066 -17.56440000
7.37324649 -17.68800000
7.40762236 -17.80960000
7.44199819 -17.92860000
7.47637402 -18.04460000
7.51074984 -18.15700000
7.54512567 -18.26540000
7.57950150 -18.36930000
7.61387732 -18.46850000
7.64825315 -18.56250000
7.68262898 -18.65110000
7.71700485 -18.73420000
7.75138068 -18.81160000
7.78575651 -18.88300000
7.82013233 -18.94850000
7.85450816 -19.00800000
7.88888399 -19.06130000
7.92325981 -19.10850000
7.95763564 -19.14940000
7.99201147 -19.18410000
8.02638734 -19.21260000
8.06076317 -19.23470000
8.09513900 -19.25060000
8.12951482 -19.26010000
8.16389065 -19.26320000

0.00000000 -18.92240000
0.02976211 -18.92030000
0.05952423 -18.91400000
0.08928634 -18.90350000
0.11904848 -18.88890000
0.14881060 -18.87000000
0.17857271 -18.84700000
0.20833482 -18.81970000
0.23809694 -18.78840000
0.26785905 -18.75280000
0.29762120 -18.71320000
0.32738331 -18.66930000
0.35714542 -18.62140000
0.38690754 -18.56930000
0.41666965 -18.51300000
0.44643176 -18.45270000
0.47619391 -18.38810000
0.50595602 -18.31940000
0.53571813 -18.24650000
0.56548025 -18.16930000
0.59524236 -18.08770000
0.62500447 -18.00170000
0.65476662 -17.91110000
0.68452873 -17.81570000
0.71429084 -17.71550000
0.74405296 -17.61010000
0.77381507 -17.49950000
0.80357719 -17.38360000
0.83333933 -17.26230000
0.86310144 -17.13560000
0.89286356 -17.00360000
0.92262567 -16.86640000
0.95238778 -16.72410000
0.98214990 -16.57690000
1.01191204 -16.42500000
1.04167415 -16.26860000
1.07143627 -16.10780000
1.10119838 -15.94290000
1.13096049 -15.77420000
1.16072261 -15.60190000
1.19048475 -15.42650000
1.22024686 -15.24840000
1.25000898 -15.06850000
1.27977109 -14.88790000
1.30953321 -14.70840000
1.33929532 -14.53310000
1.36905746 -14.36770000
1.39881958 -14.22260000
1.42858169 -14.11670000
1.45834380 -14.07660000
1.45834380 -14.07660000
1.47553157 -14.07590000
1.49271935 -14.07380000
1.50990712 -14.07030000
1.52709489 -14.06540000
1.54428268 -14.05910000
1.56147046 -14.05140000
1.57865823 -14.04230000
1.59584600 -14.03180000
1.61303377 -14.01990000
1.63022154 -14.00660000
1.64740931 -13.99190000
1.66459708 -13.97590000
1.68178485 -13.95840000
1.69897265 -13.93950000
1.71616042 -13.91920000
1.73334819 -13.89760000
1.75053596 -13.87450000
1.76772373 -13.85010000
1.78491150 -13.82420000
1.80209928 -13.79700000
1.81928705 -13.76830000
1.83647482 -13.73830000
1.85366261 -13.70690000
1.87085039 -13.67410000
1.88803816 -13.63990000
1.90522593 -13.60430000
1.92241370 -13.56730000
1.93960147 -13.52890000
1.95678924 -13.48920000
1.97397701 -13.44800000
1.99116478 -13.40550000
2.00835255 -13.36160000
2.02554035 -13.31630000
2.04272812 -13.26970000
2.05991589 -13.22170000
2.07710366 -13.17230000
2.09429143 -13.12150000
2.11147921 -13.06930000
2.12866698 -13.01580000
2.14585475 -12.96090000
2.16304252 -12.90460000
2.18023032 -12.84700000
2.19741809 -12.78800000
2.21460586 -12.72770000
2.23179363 -12.66600000
2.24898140 -12.60290000
2.26616917 -12.53850000
2.28335694 -12.47280000
2.30054471 -12.40720000
2.30054471 -12.40720000
2.33492054 -12.55360000
2.36929637 -12.73110000
2.40367219 -12.92780000
2.43804802 -13.13770000
2.47242385 -13.35610000
2.50679967 -13.57950000
2.54117550 -13.80540000
2.57555138 -14.03200000
2.60992720 -14.25790000
2.64430303 -14.48190000
2.67867886 -14.70340000
2.71305468 -14.92160000
2.74743051 -15.13610000
2.78180634 -15.34640000
2.81618216 -15.55210000
2.85055799 -15.75290000
2.88493387 -15.94850000
2.91930969 -16.13860000
2.95368552 -16.32300000
2.98806135 -16.50140000
3.02243717 -16.67360000
3.05681300 -16.83940000
3.09118883 -16.99840000
3.12556465 -17.15060000
3.15994048 -17.29560000
3.19431631 -17.43360000
3.22869218 -17.56440000
3.26306801 -17.68810000
3.29744384 -17.80510000
3.33181966 -17.91550000
3.36619549 -18.01960000
3.40057132 -18.11750000
3.43494714 -18.20960000
3.46932297 -18.29590000
3.50369880 -18.37650000
3.53807467 -18.45160000
3.57245050 -18.52100000
3.60682633 -18.58500000
3.64120215 -18.64340000
3.67557798 -18.69630000
3.70995381 -18.74370000
3.74432963 -18.78550000
3.77870546 -18.82180000
3.81308129 -18.85250000
3.84745716 -18.87770000
3.88183299 -18.89720000
3.91620882 -18.91120000
3.95058464 -18.91960000
3.98496047 -18.92240000
3.98496047 -18.92240000
3.98891904 -18.92240000
3.99287760 -18.92240000
3.99683617 -18.92240000
4.00079473 -18.92240000
4.00475330 -18.92240000
4.00871186 -18.92240000
4.01267043 -18.92240000
4.01662899 -18.92240000
4.02058756 -18.92240000
4.02454613 -18.92240000
4.02850469 -18.92240000
4.03246326 -18.92240000
4.03642182 -18.92240000
4.04038039 -18.92240000
4.04433895 -18.92240000
4.04829752 -18.92240000
4.05225609 -18.92240000
4.05621465 -18.92240000
4.06017321 -18.92240000
4.06413178 -18.92240000
4.06809034 -18.92240000
4.07204891 -18.92240000
4.07600748 -18.92240000
4.07996604 -18.92240000
4.08392461 -18.92240000
4.08788317 -18.92240000
4.09184174 -18.92240000
4.09580031 -18.92240000
4.09975887 -18.92240000
4.10371744 -18.92240000
4.10767600 -18.92240000
4.11163457 -18.92240000
4.11559313 -18.92240000
4.11955170 -18.92240000
4.12351026 -18.92240000
4.12746883 -18.92240000
4.13142739 -18.92240000
4.13538596 -18.92240000
4.13934452 -18.92240000
4.14330309 -18.92240000
4.14726166 -18.92240000
4.15122022 -18.92240000
4.15517879 -18.92240000
4.15913735 -18.92240000
4.16309592 -18.92240000
4.16705449 -18.92240000
4.17101305 -18.92240000
4.17497162 -18.92240000
4.17893018 -18.92240000
4.17893018 -18.92240000
4.20869229 -18.92030000
4.23845441 -18.91400000
4.26821652 -18.90360000
4.29797866 -18.88890000
4.32774078 -18.87000000
4.35750289 -18.84700000
4.38726501 -18.81980000
4.41702712 -18.78840000
4.44678923 -18.75290000
4.47655138 -18.71320000
4.50631349 -18.66940000
4.53607560 -18.62140000
4.56583772 -18.56930000
4.59559983 -18.51310000
4.62536194 -18.45270000
4.65512409 -18.38820000
4.68488620 -18.31950000
4.71464831 -18.24650000
4.74441043 -18.16930000
4.77417254 -18.08770000
4.80393466 -18.00170000
4.83369680 -17.91110000
4.86345891 -17.81570000
4.89322103 -17.71550000
4.92298314 -17.61010000
4.95274525 -17.49950000
4.98250737 -17.38360000
5.01226951 -17.26230000
5.04203162 -17.13560000
5.07179374 -17.00360000
5.10155585 -16.86640000
5.13131796 -16.72410000
5.16108008 -16.57690000
5.19084222 -16.42500000
5.22060433 -16.26850000
5.25036645 -16.10780000
5.28012856 -15.94290000
5.30989068 -15.77420000
5.33965279 -15.60190000
5.36941493 -15.42650000
5.39917705 -15.24840000
5.42893916 -15.06850000
5.45870127 -14.88790000
5.48846339 -14.70840000
5.51822550 -14.53320000
5.54798764 -14.36770000
5.57774976 -14.22260000
5.60751187 -14.11670000
5.63727398 -14.07660000
5.63727398 -14.07660000
5.65446176 -14.07590000
5.67164953 -14.07380000
5.68883730 -14.07030000
5.70602507 -14.06540000
5.72321286 -14.05910000
5.74040064 -14.05140000
5.75758841 -14.04230000
5.77477618 -14.03180000
5.79196395 -14.01990000
5.80915172 -14.00660000
5.82633949 -13.99190000
5.84352726 -13.97580000
5.86071503 -13.95840000
5.87790283 -13.93950000
5.89509060 -13.91920000
5.91227837 -13.89760000
5.92946614 -13.87450000
5.94665391 -13.85010000
5.96384169 -13.82420000
5.98102946 -13.79700000
5.99821723 -13.76830000
6.01540500 -13.73830000
6.03259279 -13.70690000
6.04978057 -13.67410000
6.06696834 -13.63990000
6.08415611 -13.60430000
6.10134388 -13.56730000
6.11853165 -13.52890000
6.13571942 -13.48920000
6.15290719 -13.44810000
6.17009496 -13.40550000
6.18728273 -13.36160000
6.20447053 -13.31640000
6.22165830 -13.26970000
6.23884607 -13.22170000
6.25603384 -13.17220000
6.27322162 -13.12150000
6.29040939 -13.06930000
6.30759716 -13.01580000
6.32478493 -12.96090000
6.34197270 -12.90460000
6.35916050 -12.84700000
6.37634827 -12.78800000
6.39353604 -12.72770000
6.41072381 -12.66600000
6.42791158 -12.60290000
6.44509935 -12.53850000
6.46228712 -12.47280000
6.47947489 -12.40720000
6.47947489 -12.40720000
6.51385072 -12.55360000
6.54822655 -12.73110000
6.58260237 -12.92780000
6.61697820 -13.13770000
6.65135403 -13.35610000
6.68572985 -13.57950000
6.72010568 -13.80540000
6.75448156 -14.03200000
6.78885738 -14.25790000
6.82323321 -14.48190000
6.85760904 -14.70340000
6.89198486 -14.92160000
6.92636069 -15.13610000
6.96073652 -15.34640000
6.99511234 -15.55210000
7.02948817 -15.75290000
7.06386405 -15.94850000
7.09823987 -16.13860000
7.13261570 -16.32300000
7.16699153 -16.50140000
7.20136735 -16.67360000
7.23574318 -16.83940000
7.27011901 -16.99840000
7.30449483 -17.15060000
7.33887066 -17.29560000
7.37324649 -17.43350000
7.40762236 -17.56430000
7.44199819 -17.68810000
7.47637402 -17.80510000
7.51074984 -17.91550000
7.54512567 -18.01960000
7.57950150 -18.11750000
7.61387732 -18.20960000
7.64825315 -18.29590000
7.68262898 -18.37650000
7.71700485 -18.45160000
7.75138068 -18.52100000
7.78575651 -18.58500000
7.82013233 -18.64340000
7.85450816 -18.69630000
7.88888399 -18.74370000
7.92325981 -18.78550000
7.95763564 -18.82180000
7.99201147 -18.85250000
8.02638734 -18.87770000
8.06076317 -18.89720000
8.09513900 -18.91120000
8.12951482 -18.91960000
8.16389065 -18.92240000

0.00000000 -7.73670000
0.02976211 -7.73380000
0.05952423 -7.72520000
0.08928634 -7.71070000
0.11904848 -7.69050000
0.14881060 -7.66450000
0.17857271 -7.63270000
0.20833482 -7.59520000
0.23809694 -7.55200000
0.26785905 -7.50300000
0.29762120 -7.44840000
0.32738331 -7.38810000
0.35714542 -7.32220000
0.38690754 -7.25080000
0.41666965 -7.17370000
0.44643176 -7.09120000
0.47619391 -7.00330000
0.50595602 -6.91000000
0.53571813 -6.81160000
0.56548025 -6.70820000
0.59524236 -6.60010000
0.62500447 -6.48870000
0.65476662 -6.61080000
0.68452873 -6.87220000
0.71429084 -7.13580000
0.74405296 -7.40100000
0.77381507 -7.66730000
0.80357719 -7.93430000
0.83333933 -8.20150000
0.86310144 -8.46860000
0.89286356 -8.73520000
0.92262567 -9.00090000
0.95238778 -9.26560000
0.98214990 -9.52880000
1.01191204 -9.79030000
1.04167415 -10.04980000
1.07143627 -10.30690000
1.10119838 -10.56140000
1.13096049 -10.81300000
1.16072261 -11.06110000
1.19048475 -11.30540000
1.22024686 -11.54530000
1.25000898 -11.77990000
1.27977109 -12.00800000
1.30953321 -12.22780000
1.33929532 -12.43610000
1.36905746 -12.62720000
1.39881958 -12.79080000
1.42858169 -12.90760000
1.45834380 -12.95150000
1.45834380 -12.95150000
1.47553157 -12.95080000
1.49271935 -12.94880000
1.50990712 -12.94540000
1.52709489 -12.94070000
1.54428268 -12.93470000
1.56147046 -12.92730000
1.57865823 -12.91860000
1.59584600 -12.90860000
1.61303377 -12.89730000
1.63022154 -12.88470000
1.64740931 -12.87090000
1.66459708 -12.85570000
1.68178485 -12.83930000
1.69897265 -12.82170000
1.71616042 -12.80290000
1.73334819 -12.78290000
1.75053596 -12.76170000
1.76772373 -12.73940000
1.78491150 -12.71600000
1.80209928 -12.69160000
1.81928705 -12.66620000
1.83647482 -12.63990000
1.85366261 -12.61260000
1.87085039 -12.58460000
1.88803816 -12.55580000
1.90522593 -12.52640000
1.92241370 -12.49650000
1.93960147 -12.46620000
1.95678924 -12.43560000
1.97397701 -12.40490000
1.99116478 -12.37440000
2.00835255 -12.34420000
2.02554035 -12.31470000
2.04272812 -12.28610000
2.05991589 -12.25890000
2.07710366 -12.23360000
2.09429143 -12.21060000
2.11147921 -12.19060000
2.12866698 -12.17430000
2.14585475 -12.16270000
2.16304252 -12.15650000
2.18023032 -12.15680000
2.19741809 -12.16460000
2.21460586 -12.18070000
2.23179363 -12.20590000
2.24898140 -12.24070000
2.26616917 -12.28520000
2.28335694 -12.33940000
2.30054471 -12.40110000
2.30054471 -12.40110000
2.33492054 -12.26750000
2.36929637 -12.12390000
2.40367219 -11.97500000
2.43804802 -11.82080000
2.47242385 -11.66140000
2.50679967 -11.49680000
2.54117550 -11.32710000
2.57555138 -11.15220000
2.60992720 -10.97230000
2.64430303 -10.78740000
2.67867886 -10.59760000
2.71305468 -10.40290000
2.74743051 -10.20360000
2.78180634 -9.99950000
2.81618216 -9.79090000
2.85055799 -9.57790000
2.88493387 -9.36050000
2.91930969 -9.13900000
2.95368552 -8.91340000
2.98806135 -8.68410000
3.02243717 -8.45110000
3.05681300 -8.21470000
3.09118883 -7.97510000
3.12556465 -7.73270000
3.15994048 -7.48770000
3.19431631 -7.24050000
3.22869218 -6.99150000
3.26306801 -6.74120000
3.29744384 -6.49020000
3.33181966 -6.37600000
3.36619549 -6.50980000
3.40057132 -6.63890000
3.43494714 -6.76190000
3.46932297 -6.87820000
3.50369880 -6.98760000
3.53807467 -7.08980000
3.57245050 -7.18480000
3.60682633 -7.27240000
3.64120215 -7.35260000
3.67557798 -7.42530000
3.70995381 -7.49040000
3.74432963 -7.54800000
3.77870546 -7.59800000
3.81308129 -7.64040000
3.84745716 -7.67500000
3.88183299 -7.70200000
3.91620882 -7.72130000
3.95058464 -7.73290000
3.98496047 -7.73670000
3.98496047 -7.73670000
3.98891904 -7.73670000
3.99287760 -7.73670000
3.99683617 -7.73670000
4.00079473 -7.73670000
4.00475330 -7.73670000
4.00871186 -7.73670000
4.01267043 -7.73670000
4.01662899 -7.73670000
4.02058756 -7.73670000
4.02454613 -7.73670000
4.02850469 -7.73670000
4.03246326 -7.73670000
4.03642182 -7.73670000
4.04038039 -7.73670000
4.04433895 -7.73670000
4.04829752 -7.73670000
4.05225609 -7.73670000
4.05621465 -7.73670000
4.06017321 -7.73670000
4.06413178 -7.73670000
4.06809034 -7.73670000
4.07204891 -7.73670000
4.07600748 -7.73670000
4.07996604 -7.73670000
4.08392461 -7.73670000
4.08788317 -7.73670000
4.09184174 -7.73670000
4.09580031 -7.73670000
4.09975887 -7.73670000
4.10371744 -7.73670000
4.10767600 -7.73670000
4.11163457 -7.73670000
4.11559313 -7.73670000
4.11955170 -7.73670000
4.12351026 -7.73670000
4.12746883 -7.73670000
4.13142739 -7.73670000
4.13538596 -7.73670000
4.13934452 -7.73670000
4.14330309 -7.73670000
4.14726166 -7.73670000
4.15122022 -7.73670000
4.15517879 -7.73670000
4.15913735 -7.73670000
4.16309592 -7.73670000
4.16705449 -7.73670000
4.17101305 -7.73670000
4.17497162 -7.73670000
4.17893018 -7.73670000
4.17893018 -7.73670000
4.20869229 -7.73380000
4.23845441 -7.72520000
4.26821652 -7.71070000
4.29797866 -7.69050000
4.32774078 -7.66450000
4.35750289 -7.63270000
4.38726501 -7.59520000
4.41702712 -7.55200000
4.44678923 -7.50300000
4.47655138 -7.44840000
4.50631349 -7.38810000
4.53607560 -7.32220000
4.56583772 -7.25080000
4.59559983 -7.17370000
4.62536194 -7.09120000
4.65512409 -7.00330000
4.68488620 -6.91000000
4.71464831 -6.81160000
4.74441043 -6.70820000
4.77417254 -6.60010000
4.80393466 -6.48870000
4.83369680 -6.61080000
4.86345891 -6.87220000
4.89322103 -7.13580000
4.92298314 -7.40100000
4.95274525 -7.66730000
4.98250737 -7.93430000
5.01226951 -8.20150000
5.04203162 -8.46860000
5.07179374 -8.73520000
5.10155585 -9.00090000
5.13131796 -9.26560000
5.16108008 -9.52880000
5.19084222 -9.79030000
5.22060433 -10.04980000
5.25036645 -10.30690000
5.28012856 -10.56140000
5.30989068 -10.81300000
5.33965279 -11.06110000
5.36941493 -11.30540000
5.39917705 -11.54530000
5.42893916 -11.77980000
5.45870127 -12.00800000
5.48846339 -12.22770000
5.51822550 -12.43610000
5.54798764 -12.62720000
5.57774976 -12.79080000
5.60751187 -12.90760000
5.63727398 -12.95150000
5.63727398 -12.95150000
5.65446176 -12.95080000
5.67164953 -12.94880000
5.68883730 -12.94540000
5.70602507 -12.94070000
5.72321286 -12.93470000
5.74040064 -12.92730000
5.75758841 -12.91860000
5.77477618 -12.90860000
5.79196395 -12.89730000
5.80915172 -12.88470000
5.82633949 -12.87090000
5.84352726 -12.85570000
5.86071503 -12.83930000
5.87790283 -12.82170000
5.89509060 -12.80290000
5.91227837 -12.78280000
5.92946614 -12.76170000
5.94665391 -12.73940000
5.96384169 -12.71600000
5.98102946 -12.69160000
5.99821723 -12.66620000
6.01540500 -12.63990000
6.03259279 -12.61260000
6.04978057 -12.58460000
6.06696834 -12.55580000
6.08415611 -12.52640000
6.10134388 -12.49650000
6.11853165 -12.46620000
6.13571942 -12.43560000
6.15290719 -12.40490000
6.17009496 -12.37440000
6.18728273 -12.34420000
6.20447053 -12.31470000
6.22165830 -12.28610000
6.23884607 -12.25890000
6.25603384 -12.23350000
6.27322162 -12.21050000
6.29040939 -12.19060000
6.30759716 -12.17430000
6.32478493 -12.16270000
6.34197270 -12.15650000
6.35916050 -12.15680000
6.37634827 -12.16460000
6.39353604 -12.18070000
6.41072381 -12.20590000
6.42791158 -12.24070000
6.44509935 -12.28520000
6.46228712 -12.33940000
6.47947489 -12.40110000
6.47947489 -12.40110000
6.51385072 -12.26750000
6.54822655 -12.12390000
6.58260237 -11.97500000
6.61697820 -11.82080000
6.65135403 -11.66140000
6.68572985 -11.49680000
6.72010568 -11.32700000
6.75448156 -11.15220000
6.78885738 -10.97230000
6.82323321 -10.78740000
6.85760904 -10.59760000
6.89198486 -10.40290000
6.92636069 -10.20360000
6.96073652 -9.99950000
6.99511234 -9.79090000
7.02948817 -9.57790000
7.06386405 -9.36050000
7.09823987 -9.13900000
7.13261570 -8.91340000
7.16699153 -8.68410000
7.20136735 -8.45110000
7.23574318 -8.21470000
7.27011901 -7.97510000
7.30449483 -7.73270000
7.33887066 -7.48770000
7.37324649 -7.24050000
7.40762236 -6.99150000
7.44199819 -6.74120000
7.47637402 -6.49020000
7.51074984 -6.37600000
7.54512567 -6.50980000
7.57950150 -6.63890000
7.61387732 -6.76190000
7.64825315 -6.87820000
7.68262898 -6.98760000
7.71700485 -7.08980000
7.75138068 -7.18480000
7.78575651 -7.27240000
7.82013233 -7.35260000
7.85450816 -7.42530000
7.88888399 -7.49040000
7.92325981 -7.54800000
7.95763564 -7.59800000
7.99201147 -7.64040000
8.02638734 -7.67500000
8.06076317 -7.70200000
8.09513900 -7.72130000
8.12951482 -7.73290000
8.16389065 -7.73670000

0.00000000 -6.09490000
0.02976211 -6.09220000
0.05952423 -6.08410000
0.08928634 -6.07060000
0.11904848 -6.05180000
0.14881060 -6.02760000
0.17857271 -5.99810000
0.20833482 -5.96330000
0.23809694 -5.92320000
0.26785905 -5.87780000
0.29762120 -5.82720000
0.32738331 -5.77150000
0.35714542 -5.71060000
0.38690754 -5.64470000
0.41666965 -5.57390000
0.44643176 -5.49820000
0.47619391 -5.41810000
0.50595602 -5.35590000
0.53571813 -5.59550000
0.56548025 -5.84310000
0.59524236 -6.09520000
0.62500447 -6.35060000
0.65476662 -6.37390000
0.68452873 -6.26980000
0.71429084 -6.26440000
0.74405296 -6.44250000
0.77381507 -6.65880000
0.80357719 -6.88080000
0.83333933 -7.10330000
0.86310144 -7.32470000
0.89286356 -7.54390000
0.92262567 -7.76000000
0.95238778 -7.97230000
0.98214990 -8.18000000
1.01191204 -8.38260000
1.04167415 -8.57910000
1.07143627 -8.76880000
1.10119838 -8.95090000
1.13096049 -9.12450000
1.16072261 -9.28850000
1.19048475 -9.44200000
1.22024686 -9.58390000
1.25000898 -9.71300000
1.27977109 -9.82810000
1.30953321 -9.92800000
1.33929532 -10.01170000
1.36905746 -10.07800000
1.39881958 -10.12610000
1.42858169 -10.15520000
1.45834380 -10.16500000
1.45834380 -10.16500000
1.47553157 -10.16450000
1.49271935 -10.16280000
1.50990712 -10.16020000
1.52709489 -10.15640000
1.54428268 -10.15160000
1.56147046 -10.14570000
1.57865823 -10.13870000
1.59584600 -10.13070000
1.61303377 -10.12160000
1.63022154 -10.11140000
1.64740931 -10.10020000
1.66459708 -10.08790000
1.68178485 -10.07460000
1.69897265 -10.06020000
1.71616042 -10.04480000
1.73334819 -10.02840000
1.75053596 -10.01090000
1.76772373 -9.99250000
1.78491150 -9.97300000
1.80209928 -9.95250000
1.81928705 -9.93100000
1.83647482 -9.90860000
1.85366261 -9.88520000
1.87085039 -9.86090000
1.88803816 -9.83560000
1.90522593 -9.80950000
1.92241370 -9.78250000
1.93960147 -9.75470000
1.95678924 -9.72600000
1.97397701 -9.69660000
1.99116478 -9.66660000
2.00835255 -9.63590000
2.02554035 -9.60460000
2.04272812 -9.57290000
2.05991589 -9.54090000
2.07710366 -9.50870000
2.09429143 -9.50200000
2.11147921 -9.60640000
2.12866698 -9.70730000
2.14585475 -9.80240000
2.16304252 -9.89070000
2.18023032 -9.97100000
2.19741809 -10.04240000
2.21460586 -10.10380000
2.23179363 -10.15450000
2.24898140 -10.19390000
2.26616917 -10.22170000
2.28335694 -10.23810000
2.30054471 -10.24360000
2.30054471 -10.24360000
2.33492054 -10.22430000
2.36929637 -10.17070000
2.40367219 -10.08980000
2.43804802 -9.98750000
2.47242385 -9.86840000
2.50679967 -9.73590000
2.54117550 -9.59290000
2.57555138 -9.44180000
2.60992720 -9.28640000
2.64430303 -9.13800000
2.67867886 -9.01590000
2.71305468 -8.90390000
2.74743051 -8.78460000
2.78180634 -8.65440000
2.81618216 -8.51310000
2.85055799 -8.36100000
2.88493387 -8.19890000
2.91930969 -8.02740000
2.95368552 -7.84750000
2.98806135 -7.65970000
3.02243717 -7.46500000
3.05681300 -7.26390000
3.09118883 -7.05750000
3.12556465 -6.84670000
3.15994048 -6.63280000
3.19431631 -6.41880000
3.22869218 -6.21710000
3.26306801 -6.13330000
3.29744384 -6.23990000
3.33181966 -6.23770000
3.36619549 -5.98710000
3.40057132 -5.73710000
3.43494714 -5.48910000
3.46932297 -5.30530000
3.50369880 -5.40360000
3.53807467 -5.49690000
3.57245050 -5.58400000
3.60682633 -5.66460000
3.64120215 -5.73860000
3.67557798 -5.80580000
3.70995381 -5.86620000
3.74432963 -5.91950000
3.77870546 -5.96590000
3.81308129 -6.00520000
3.84745716 -6.03750000
3.88183299 -6.06260000
3.91620882 -6.08050000
3.95058464 -6.09130000
3.98496047 -6.09490000
3.98496047 -6.09490000
3.98891904 -6.09490000
3.99287760 -6.09490000
3.99683617 -6.09490000
4.00079473 -6.09490000
4.00475330 -6.09490000
4.00871186 -6.09490000
4.01267043 -6.09490000
4.01662899 -6.09490000
4.02058756 -6.09490000
4.02454613 -6.09490000
4.02850469 -6.09490000
4.03246326 -6.09490000
4.03642182 -6.09490000
4.04038039 -6.09490000
4.04433895 -6.09490000
4.04829752 -6.09490000
4.05225609 -6.09490000
4.05621465 -6.09490000
4.06017321 -6.09490000
4.06413178 -6.09490000
4.06809034 -6.09490000
4.07204891 -6.09490000
4.07600748 -6.09490000
4.07996604 -6.09490000
4.08392461 -6.09490000
4.08788317 -6.09490000
4.09184174 -6.09490000
4.09580031 -6.09490000
4.09975887 -6.09490000
4.10371744 -6.09490000
4.10767600 -6.09490000
4.11163457 -6.09490000
4.11559313 -6.09490000
4.11955170 -6.09490000
4.12351026 -6.09490000
4.12746883 -6.09490000
4.13142739 -6.09490000
4.13538596 -6.09490000
4.13934452 -6.09490000
4.14330309 -6.09490000
4.14726166 -6.09490000
4.15122022 -6.09480000
4.15517879 -6.09480000
4.15913735 -6.09490000
4.16309592 -6.09490000
4.16705449 -6.09490000
4.17101305 -6.09490000
4.17497162 -6.09490000
4.17893018 -6.09490000
4.17893018 -6.09490000
4.20869229 -6.09220000
4.23845441 -6.08410000
4.26821652 -6.07060000
4.29797866 -6.05180000
4.32774078 -6.02760000
4.35750289 -5.99810000
4.38726501 -5.96330000
4.41702712 -5.92320000
4.44678923 -5.87780000
4.47655138 -5.82720000
4.50631349 -5.77150000
4.53607560 -5.71060000
4.56583772 -5.64470000
4.59559983 -5.57390000
4.62536194 -5.49830000
4.65512409 -5.41820000
4.68488620 -5.35590000
4.71464831 -5.59550000
4.74441043 -5.84310000
4.77417254 -6.09520000
4.80393466 -6.35060000
4.83369680 -6.37390000
4.86345891 -6.26980000
4.89322103 -6.26440000
4.92298314 -6.44250000
4.95274525 -6.65870000
4.98250737 -6.88080000
5.01226951 -7.10340000
5.04203162 -7.32470000
5.07179374 -7.54390000
5.10155585 -7.76000000
5.13131796 -7.97230000
5.16108008 -8.18000000
5.19084222 -8.38250000
5.22060433 -8.57910000
5.25036645 -8.76880000
5.28012856 -8.95090000
5.30989068 -9.12450000
5.33965279 -9.28850000
5.36941493 -9.44200000
5.39917705 -9.58390000
5.42893916 -9.71300000
5.45870127 -9.82810000
5.48846339 -9.92800000
5.51822550 -10.01170000
5.54798764 -10.07800000
5.57774976 -10.12610000
5.60751187 -10.15520000
5.63727398 -10.16500000
5.63727398 -10.16500000
5.65446176 -10.16440000
5.67164953 -10.16280000
5.68883730 -10.16020000
5.70602507 -10.15640000
5.72321286 -10.15160000
5.74040064 -10.14570000
5.75758841 -10.13870000
5.77477618 -10.13070000
5.79196395 -10.12160000
5.80915172 -10.11140000
5.82633949 -10.10020000
5.84352726 -10.08790000
5.86071503 -10.07460000
5.87790283 -10.06020000
5.89509060 -10.04480000
5.91227837 -10.02840000
5.92946614 -10.01090000
5.94665391 -9.99250000
5.96384169 -9.97300000
5.98102946 -9.95250000
5.99821723 -9.93100000
6.01540500 -9.90860000
6.03259279 -9.88520000
6.04978057 -9.86090000
6.06696834 -9.83560000
6.08415611 -9.80950000
6.10134388 -9.78250000
6.11853165 -9.75460000
6.13571942 -9.72600000
6.15290719 -9.69660000
6.17009496 -9.66660000
6.18728273 -9.63590000
6.20447053 -9.60460000
6.22165830 -9.57290000
6.23884607 -9.54080000
6.25603384 -9.50870000
6.27322162 -9.50200000
6.29040939 -9.60640000
6.30759716 -9.70730000
6.32478493 -9.80240000
6.34197270 -9.89070000
6.35916050 -9.97100000
6.37634827 -10.04240000
6.39353604 -10.10380000
6.41072381 -10.15450000
6.42791158 -10.19390000
6.44509935 -10.22170000
6.46228712 -10.23810000
6.47947489 -10.24360000
6.47947489 -10.24360000
6.51385072 -10.22430000
6.54822655 -10.17070000
6.58260237 -10.08980000
6.61697820 -9.98750000
6.65135403 -9.86840000
6.68572985 -9.73590000
6.72010568 -9.59290000
6.75448156 -9.44180000
6.78885738 -9.28640000
6.82323321 -9.13800000
6.85760904 -9.01590000
6.89198486 -8.90390000
6.92636069 -8.78460000
6.96073652 -8.65440000
6.99511234 -8.51310000
7.02948817 -8.36100000
7.06386405 -8.19880000
7.09823987 -8.02740000
7.13261570 -7.84740000
7.16699153 -7.65970000
7.20136735 -7.46500000
7.23574318 -7.26400000
7.27011901 -7.05750000
7.30449483 -6.84670000
7.33887066 -6.63280000
7.37324649 -6.41880000
7.40762236 -6.21710000
7.44199819 -6.13330000
7.47637402 -6.23990000
7.51074984 -6.23770000
7.54512567 -5.98710000
7.57950150 -5.73710000
7.61387732 -5.48920000
7.64825315 -5.30530000
7.68262898 -5.40360000
7.71700485 -5.49690000
7.75138068 -5.58400000
7.78575651 -5.66460000
7.82013233 -5.73860000
7.85450816 -5.80580000
7.88888399 -5.86610000
7.92325981 -5.91950000
7.95763564 -5.96590000
7.99201147 -6.00520000
8.02638734 -6.03750000
8.06076317 -6.06260000
8.09513900 -6.08050000
8.12951482 -6.09130000
8.16389065 -6.09490000

0.00000000 -2.92840000
0.02976211 -2.93770000
0.05952423 -2.96720000
0.08928634 -3.01730000
0.11904848 -3.08710000
0.14881060 -3.17590000
0.17857271 -3.28280000
0.20833482 -3.40680000
0.23809694 -3.54690000
0.26785905 -3.70200000
0.29762120 -3.87100000
0.32738331 -4.05280000
0.35714542 -4.24620000
0.38690754 -4.45030000
0.41666965 -4.66390000
0.44643176 -4.88610000
0.47619391 -5.11590000
0.50595602 -5.33050000
0.53571813 -5.24720000
0.56548025 -5.17640000
0.59524236 -5.28900000
0.62500447 -5.49950000
0.65476662 -5.71560000
0.68452873 -5.92040000
0.71429084 -6.02250000
0.74405296 -5.93680000
0.77381507 -5.80790000
0.80357719 -5.66770000
0.83333933 -5.52100000
0.86310144 -5.36900000
0.89286356 -5.38630000
0.92262567 -5.46800000
0.95238778 -5.54610000
0.98214990 -5.62030000
1.01191204 -5.69070000
1.04167415 -5.75690000
1.07143627 -5.81910000
1.10119838 -5.87700000
1.13096049 -5.93050000
1.16072261 -5.97960000
1.19048475 -6.02430000
1.22024686 -6.06440000
1.25000898 -6.09990000
1.27977109 -6.13070000
1.30953321 -6.15690000
1.33929532 -6.17840000
1.36905746 -6.19510000
1.39881958 -6.20710000
1.42858169 -6.21420000
1.45834380 -6.21660000
1.45834380 -6.21660000
1.47553157 -6.22030000
1.49271935 -6.23140000
1.50990712 -6.24970000
1.52709489 -6.27520000
1.54428268 -6.30780000
1.56147046 -6.34740000
1.57865823 -6.39360000
1.59584600 -6.44640000
1.61303377 -6.50550000
1.63022154 -6.57060000
1.64740931 -6.64140000
1.66459708 -6.71770000
1.68178485 -6.79910000
1.69897265 -6.88540000
1.71616042 -6.97630000
1.73334819 -7.07140000
1.75053596 -7.17050000
1.76772373 -7.27310000
1.78491150 -7.37910000
1.80209928 -7.48810000
1.81928705 -7.59980000
1.83647482 -7.71390000
1.85366261 -7.83020000
1.87085039 -7.94820000
1.88803816 -8.06780000
1.90522593 -8.18860000
1.92241370 -8.31030000
1.93960147 -8.43260000
1.95678924 -8.55520000
1.97397701 -8.67770000
1.99116478 -8.79990000
2.00835255 -8.92120000
2.02554035 -9.04140000
2.04272812 -9.15990000
2.05991589 -9.27610000
2.07710366 -9.38950000
2.09429143 -9.47400000
2.11147921 -9.44330000
2.12866698 -9.41160000
2.14585475 -9.38040000
2.16304252 -9.35030000
2.18023032 -9.32170000
2.19741809 -9.29510000
2.21460586 -9.27120000
2.23179363 -9.25060000
2.24898140 -9.23410000
2.26616917 -9.22200000
2.28335694 -9.21480000
2.30054471 -9.21250000
2.30054471 -9.21250000
2.33492054 -9.22000000
2.36929637 -9.23770000
2.40367219 -9.25710000
2.43804802 -9.27090000
2.47242385 -9.27450000
2.50679967 -9.26440000
2.54117550 -9.23880000
2.57555138 -9.19600000
2.60992720 -9.13340000
2.64430303 -9.04100000
2.67867886 -8.90080000
2.71305468 -8.73050000
2.74743051 -8.54860000
2.78180634 -8.36040000
2.81618216 -8.16740000
2.85055799 -7.97050000
2.88493387 -7.77030000
2.91930969 -7.56740000
2.95368552 -7.36230000
2.98806135 -7.15530000
3.02243717 -6.94700000
3.05681300 -6.73780000
3.09118883 -6.52830000
3.12556465 -6.31890000
3.15994048 -6.11020000
3.19431631 -5.90310000
3.22869218 -5.86430000
3.26306801 -5.88000000
3.29744384 -5.69810000
3.33181966 -5.48150000
3.36619549 -5.26430000
3.40057132 -5.12300000
3.43494714 -5.20220000
3.46932297 -5.24300000
3.50369880 -5.00230000
3.53807467 -4.76610000
3.57245050 -4.53620000
3.60682633 -4.31420000
3.64120215 -4.10160000
3.67557798 -3.90030000
3.70995381 -3.71220000
3.74432963 -3.53920000
3.77870546 -3.38350000
3.81308129 -3.24720000
3.84745716 -3.13240000
3.88183299 -3.04100000
3.91620882 -2.97500000
3.95058464 -2.93800000
3.98496047 -2.92840000
3.98496047 -2.92840000
3.98891904 -2.92840000
3.99287760 -2.92840000
3.99683617 -2.92840000
4.00079473 -2.92840000
4.00475330 -2.92840000
4.00871186 -2.92840000
4.01267043 -2.92840000
4.01662899 -2.92840000
4.02058756 -2.92840000
4.02454613 -2.92840000
4.02850469 -2.92840000
4.03246326 -2.92840000
4.03642182 -2.92840000
4.04038039 -2.92840000
4.04433895 -2.92840000
4.04829752 -2.92840000
4.05225609 -2.92840000
4.05621465 -2.92840000
4.06017321 -2.92840000
4.06413178 -2.92840000
4.06809034 -2.92840000
4.07204891 -2.92840000
4.07600748 -2.92840000
4.07996604 -2.92840000
4.08392461 -2.92840000
4.08788317 -2.92840000
4.09184174 -2.92840000
4.09580031 -2.92840000
4.09975887 -2.92840000
4.10371744 -2.92840000
4.10767600 -2.92840000
4.11163457 -2.92840000
4.11559313 -2.92840000
4.11955170 -2.92840000
4.12351026 -2.92840000
4.12746883 -2.92840000
4.13142739 -2.92840000
4.13538596 -2.92840000
4.13934452 -2.92840000
4.14330309 -2.92840000
4.14726166 -2.92840000
4.15122022 -2.92840000
4.15517879 -2.92840000
4.15913735 -2.92840000
4.16309592 -2.92840000
4.16705449 -2.92840000
4.17101305 -2.92840000
4.17497162 -2.92840000
4.17893018 -2.92840000
4.17893018 -2.92840000
4.20869229 -2.93770000
4.23845441 -2.96720000
4.26821652 -3.01730000
4.29797866 -3.08710000
4.32774078 -3.17590000
4.35750289 -3.28280000
4.38726501 -3.40680000
4.41702712 -3.54690000
4.44678923 -3.70200000
4.47655138 -3.87100000
4.50631349 -4.05280000
4.53607560 -4.24620000
4.56583772 -4.45030000
4.59559983 -4.66390000
4.62536194 -4.88610000
4.65512409 -5.11590000
4.68488620 -5.33050000
4.71464831 -5.24720000
4.74441043 -5.17640000
4.77417254 -5.28900000
4.80393466 -5.49950000
4.83369680 -5.71560000
4.86345891 -5.92030000
4.89322103 -6.02250000
4.92298314 -5.93680000
4.95274525 -5.80790000
4.98250737 -5.66770000
5.01226951 -5.52100000
5.04203162 -5.36900000
5.07179374 -5.38630000
5.10155585 -5.46800000
5.13131796 -5.54610000
5.16108008 -5.62030000
5.19084222 -5.69070000
5.22060433 -5.75690000
5.25036645 -5.81910000
5.28012856 -5.87700000
5.30989068 -5.93050000
5.33965279 -5.97960000
5.36941493 -6.02430000
5.39917705 -6.06440000
5.42893916 -6.09990000
5.45870127 -6.13070000
5.48846339 -6.15690000
5.51822550 -6.17840000
5.54798764 -6.19510000
5.57774976 -6.20710000
5.60751187 -6.21420000
5.63727398 -6.21660000
5.63727398 -6.21660000
5.65446176 -6.22030000
5.67164953 -6.23140000
5.68883730 -6.24970000
5.70602507 -6.27520000
5.72321286 -6.30780000
5.74040064 -6.34740000
5.75758841 -6.39360000
5.77477618 -6.44640000
5.79196395 -6.50550000
5.80915172 -6.57060000
5.82633949 -6.64140000
5.84352726 -6.71770000
5.86071503 -6.79910000
5.87790283 -6.88540000
5.89509060 -6.97630000
5.91227837 -7.07140000
5.92946614 -7.17050000
5.94665391 -7.27310000
5.96384169 -7.37910000
5.98102946 -7.48810000
5.99821723 -7.59980000
6.01540500 -7.71390000
6.03259279 -7.83020000
6.04978057 -7.94820000
6.06696834 -8.06780000
6.08415611 -8.18860000
6.10134388 -8.31030000
6.11853165 -8.43260000
6.13571942 -8.55520000
6.15290719 -8.67770000
6.17009496 -8.79990000
6.18728273 -8.92120000
6.20447053 -9.04140000
6.22165830 -9.15990000
6.23884607 -9.27610000
6.25603384 -9.38950000
6.27322162 -9.47400000
6.29040939 -9.44330000
6.30759716 -9.41160000
6.32478493 -9.38040000
6.34197270 -9.35030000
6.35916050 -9.32170000
6.37634827 -9.29510000
6.39353604 -9.27120000
6.41072381 -9.25060000
6.42791158 -9.23410000
6.44509935 -9.22200000
6.46228712 -9.21490000
6.47947489 -9.21250000
6.47947489 -9.21250000
6.51385072 -9.22000000
6.54822655 -9.23770000
6.58260237 -9.25710000
6.61697820 -9.27100000
6.65135403 -9.27450000
6.68572985 -9.26440000
6.72010568 -9.23880000
6.75448156 -9.19600000
6.78885738 -9.13340000
6.82323321 -9.04100000
6.85760904 -8.90080000
6.89198486 -8.73050000
6.92636069 -8.54860000
6.96073652 -8.36040000
6.99511234 -8.16740000
7.02948817 -7.97050000
7.06386405 -7.77030000
7.09823987 -7.56740000
7.13261570 -7.36230000
7.16699153 -7.15530000
7.20136735 -6.94700000
7.23574318 -6.73780000
7.27011901 -6.52830000
7.30449483 -6.31890000
7.33887066 -6.11020000
7.37324649 -5.90310000
7.40762236 -5.86430000
7.44199819 -5.88000000
7.47637402 -5.69810000
7.51074984 -5.48150000
7.54512567 -5.26430000
7.57950150 -5.12300000
7.61387732 -5.20220000
7.64825315 -5.24300000
7.68262898 -5.00230000
7.71700485 -4.76610000
7.75138068 -4.53620000
7.78575651 -4.31420000
7.82013233 -4.10160000
7.85450816 -3.90030000
7.88888399 -3.71220000
7.92325981 -3.53920000
7.95763564 -3.38350000
7.99201147 -3.24720000
8.02638734 -3.13240000
8.06076317 -3.04100000
8.09513900 -2.97500000
8.12951482 -2.93800000
8.16389065 -2.92840000

0.00000000 -2.91660000
0.02976211 -2.92280000
0.05952423 -2.93970000
0.08928634 -2.96630000
0.11904848 -3.00260000
0.14881060 -3.04840000
0.17857271 -3.10300000
0.20833482 -3.16600000
0.23809694 -3.23660000
0.26785905 -3.31400000
0.29762120 -3.39760000
0.32738331 -3.48650000
0.35714542 -3.65140000
0.38690754 -3.83020000
0.41666965 -4.01730000
0.44643176 -4.21180000
0.47619391 -4.41250000
0.50595602 -4.61800000
0.53571813 -4.82570000
0.56548025 -5.01720000
0.59524236 -5.02360000
0.62500447 -4.92910000
0.65476662 -4.82320000
0.68452873 -4.72800000
0.71429084 -4.82980000
0.74405296 -4.92940000
0.77381507 -5.02660000
0.80357719 -5.12110000
0.83333933 -5.21270000
0.86310144 -5.30120000
0.89286356 -5.21240000
0.92262567 -5.05170000
0.95238778 -4.88730000
0.98214990 -4.79910000
1.01191204 -4.86250000
1.04167415 -4.92240000
1.07143627 -4.97860000
1.10119838 -5.03100000
1.13096049 -5.07960000
1.16072261 -5.12420000
1.19048475 -5.16480000
1.22024686 -5.20130000
1.25000898 -5.23360000
1.27977109 -5.26170000
1.30953321 -5.28560000
1.33929532 -5.30520000
1.36905746 -5.32040000
1.39881958 -5.33140000
1.42858169 -5.33790000
1.45834380 -5.34010000
1.45834380 -5.34010000
1.47553157 -5.34290000
1.49271935 -5.35120000
1.50990712 -5.36510000
1.52709489 -5.38450000
1.54428268 -5.40910000
1.56147046 -5.43910000
1.57865823 -5.47420000
1.59584600 -5.51430000
1.61303377 -5.55920000
1.63022154 -5.60870000
1.64740931 -5.66260000
1.66459708 -5.72070000
1.68178485 -5.78270000
1.69897265 -5.84850000
1.71616042 -5.91780000
1.73334819 -5.99030000
1.75053596 -6.06580000
1.76772373 -6.14400000
1.78491150 -6.22470000
1.80209928 -6.30770000
1.81928705 -6.39260000
1.83647482 -6.47930000
1.85366261 -6.56740000
1.87085039 -6.65670000
1.88803816 -6.74690000
1.90522593 -6.83790000
1.92241370 -6.92930000
1.93960147 -7.02090000
1.95678924 -7.11240000
1.97397701 -7.20360000
1.99116478 -7.29420000
2.00835255 -7.38390000
2.02554035 -7.47240000
2.04272812 -7.55950000
2.05991589 -7.64480000
2.07710366 -7.72800000
2.09429143 -7.80870000
2.11147921 -7.88650000
2.12866698 -7.96100000
2.14585475 -8.03160000
2.16304252 -8.09790000
2.18023032 -8.15910000
2.19741809 -8.21450000
2.21460586 -8.26330000
2.23179363 -8.30460000
2.24898140 -8.33770000
2.26616917 -8.36170000
2.28335694 -8.37630000
2.30054471 -8.38120000
2.30054471 -8.38120000
2.33492054 -8.36370000
2.36929637 -8.31510000
2.40367219 -8.24290000
2.43804802 -8.15370000
2.47242385 -8.05180000
2.50679967 -7.94010000
2.54117550 -7.82080000
2.57555138 -7.69490000
2.60992720 -7.56350000
2.64430303 -7.42720000
2.67867886 -7.28650000
2.71305468 -7.14180000
2.74743051 -6.99340000
2.78180634 -6.84180000
2.81618216 -6.68720000
2.85055799 -6.52980000
2.88493387 -6.37010000
2.91930969 -6.20830000
2.95368552 -6.04480000
2.98806135 -5.87980000
3.02243717 -5.71390000
3.05681300 -5.54780000
3.09118883 -5.38470000
3.12556465 -5.38660000
3.15994048 -5.55640000
3.19431631 -5.71970000
3.22869218 -5.69540000
3.26306801 -5.49250000
3.29744384 -5.29200000
3.33181966 -5.09500000
3.36619549 -4.94380000
3.40057132 -4.97820000
3.43494714 -4.78720000
3.46932297 -4.56950000
3.50369880 -4.35250000
3.53807467 -4.14010000
3.57245050 -3.93570000
3.60682633 -3.75080000
3.64120215 -3.60430000
3.67557798 -3.47830000
3.70995381 -3.36510000
3.74432963 -3.26410000
3.77870546 -3.17560000
3.81308129 -3.10000000
3.84745716 -3.03740000
3.88183299 -2.98830000
3.91620882 -2.95240000
3.95058464 -2.92770000
3.98496047 -2.91660000
3.98496047 -2.91660000
3.98891904 -2.91660000
3.99287760 -2.91660000
3.99683617 -2.91660000
4.00079473 -2.91660000
4.00475330 -2.91660000
4.00871186 -2.91660000
4.01267043 -2.91660000
4.01662899 -2.91660000
4.02058756 -2.91660000
4.02454613 -2.91660000
4.02850469 -2.91660000
4.03246326 -2.91660000
4.03642182 -2.91660000
4.04038039 -2.91660000
4.04433895 -2.91660000
4.04829752 -2.91660000
4.05225609 -2.91660000
4.05621465 -2.91660000
4.06017321 -2.91660000
4.06413178 -2.91660000
4.06809034 -2.91660000
4.07204891 -2.91660000
4.07600748 -2.91660000
4.07996604 -2.91660000
4.08392461 -2.91660000
4.08788317 -2.91660000
4.09184174 -2.91660000
4.09580031 -2.91660000
4.09975887 -2.91660000
4.10371744 -2.91660000
4.10767600 -2.91660000
4.11163457 -2.91660000
4.11559313 -2.91660000
4.11955170 -2.91660000
4.12351026 -2.91660000
4.12746883 -2.91660000
4.13142739 -2.91660000
4.13538596 -2.91660000
4.13934452 -2.91660000
4.14330309 -2.91660000
4.14726166 -2.91660000
4.15122022 -2.91660000
4.15517879 -2.91660000
4.15913735 -2.91660000
4.16309592 -2.91660000
4.16705449 -2.91660000
4.17101305 -2.91660000
4.17497162 -2.91660000
4.17893018 -2.91660000
4.17893018 -2.91660000
4.20869229 -2.92280000
4.23845441 -2.93970000
4.26821652 -2.96630000
4.29797866 -3.00270000
4.32774078 -3.04840000
4.35750289 -3.10310000
4.38726501 -3.16600000
4.41702712 -3.23660000
4.44678923 -3.31400000
4.47655138 -3.39760000
4.50631349 -3.48650000
4.53607560 -3.65140000
4.56583772 -3.83020000
4.59559983 -4.01730000
4.62536194 -4.21180000
4.65512409 -4.41250000
4.68488620 -4.61800000
4.71464831 -4.82570000
4.74441043 -5.01730000
4.77417254 -5.02360000
4.80393466 -4.92910000
4.83369680 -4.82320000
4.86345891 -4.72800000
4.89322103 -4.82980000
4.92298314 -4.92940000
4.95274525 -5.02650000
4.98250737 -5.12110000
5.01226951 -5.21270000
5.04203162 -5.30120000
5.07179374 -5.21240000
5.10155585 -5.05170000
5.13131796 -4.88720000
5.16108008 -4.79910000
5.19084222 -4.86250000
5.22060433 -4.92240000
5.25036645 -4.97860000
5.28012856 -5.03100000
5.30989068 -5.07950000
5.33965279 -5.12420000
5.36941493 -5.16480000
5.39917705 -5.20130000
5.42893916 -5.23360000
5.45870127 -5.26170000
5.48846339 -5.28560000
5.51822550 -5.30510000
5.54798764 -5.32040000
5.57774976 -5.33130000
5.60751187 -5.33790000
5.63727398 -5.34010000
5.63727398 -5.34010000
5.65446176 -5.34290000
5.67164953 -5.35120000
5.68883730 -5.36510000
5.70602507 -5.38450000
5.72321286 -5.40920000
5.74040064 -5.43920000
5.75758841 -5.47430000
5.77477618 -5.51430000
5.79196395 -5.55920000
5.80915172 -5.60870000
5.82633949 -5.66260000
5.84352726 -5.72060000
5.86071503 -5.78270000
5.87790283 -5.84850000
5.89509060 -5.91780000
5.91227837 -5.99030000
5.92946614 -6.06580000
5.94665391 -6.14400000
5.96384169 -6.22480000
5.98102946 -6.30770000
5.99821723 -6.39260000
6.01540500 -6.47930000
6.03259279 -6.56740000
6.04978057 -6.65670000
6.06696834 -6.74700000
6.08415611 -6.83790000
6.10134388 -6.92930000
6.11853165 -7.02090000
6.13571942 -7.11240000
6.15290719 -7.20360000
6.17009496 -7.29420000
6.18728273 -7.38390000
6.20447053 -7.47240000
6.22165830 -7.55950000
6.23884607 -7.64480000
6.25603384 -7.72800000
6.27322162 -7.80870000
6.29040939 -7.88650000
6.30759716 -7.96100000
6.32478493 -8.03160000
6.34197270 -8.09790000
6.35916050 -8.15910000
6.37634827 -8.21450000
6.39353604 -8.26330000
6.41072381 -8.30460000
6.42791158 -8.33770000
6.44509935 -8.36170000
6.46228712 -8.37630000
6.47947489 -8.38120000
6.47947489 -8.38120000
6.51385072 -8.36370000
6.54822655 -8.31510000
6.58260237 -8.24290000
6.61697820 -8.15370000
6.65135403 -8.05180000
6.68572985 -7.94010000
6.72010568 -7.82080000
6.75448156 -7.69490000
6.78885738 -7.56350000
6.82323321 -7.42720000
6.85760904 -7.28650000
6.89198486 -7.14180000
6.92636069 -6.99340000
6.96073652 -6.84180000
6.99511234 -6.68720000
7.02948817 -6.52990000
7.06386405 -6.37010000
7.09823987 -6.20830000
7.13261570 -6.04480000
7.16699153 -5.87980000
7.20136735 -5.71400000
7.23574318 -5.54780000
7.27011901 -5.38470000
7.30449483 -5.38660000
7.33887066 -5.55640000
7.37324649 -5.71970000
7.40762236 -5.69540000
7.44199819 -5.49250000
7.47637402 -5.29200000
7.51074984 -5.09500000
7.54512567 -4.94380000
7.57950150 -4.97820000
7.61387732 -4.78720000
7.64825315 -4.56950000
7.68262898 -4.35250000
7.71700485 -4.14020000
7.75138068 -3.93580000
7.78575651 -3.75080000
7.82013233 -3.60430000
7.85450816 -3.47820000
7.88888399 -3.36510000
7.92325981 -3.26410000
7.95763564 -3.17570000
7.99201147 -3.10000000
8.02638734 -3.03750000
8.06076317 -2.98830000
8.09513900 -2.95250000
8.12951482 -2.92770000
8.16389065 -2.91660000

0.00000000 -2.50220000
0.02976211 -2.51010000
0.05952423 -2.53520000
0.08928634 -2.57830000
0.11904848 -2.63880000
0.14881060 -2.71600000
0.17857271 -2.80900000
0.20833482 -2.91710000
0.23809694 -3.03940000
0.26785905 -3.17490000
0.29762120 -3.32280000
0.32738331 -3.48190000
0.35714542 -3.58000000
0.38690754 -3.67750000
0.41666965 -3.77800000
0.44643176 -3.88110000
0.47619391 -3.98610000
0.50595602 -4.09230000
0.53571813 -4.19930000
0.56548025 -4.30640000
0.59524236 -4.41330000
0.62500447 -4.51940000
0.65476662 -4.62450000
0.68452873 -4.71170000
0.71429084 -4.59570000
0.74405296 -4.47560000
0.77381507 -4.35190000
0.80357719 -4.35250000
0.83333933 -4.43400000
0.86310144 -4.51290000
0.89286356 -4.58900000
0.92262567 -4.66220000
0.95238778 -4.73230000
0.98214990 -4.71940000
1.01191204 -4.54850000
1.04167415 -4.37510000
1.07143627 -4.19970000
1.10119838 -4.02290000
1.13096049 -3.84540000
1.16072261 -3.66810000
1.19048475 -3.49210000
1.22024686 -3.31860000
1.25000898 -3.14930000
1.27977109 -2.98600000
1.30953321 -2.83110000
1.33929532 -2.68750000
1.36905746 -2.55910000
1.39881958 -2.45160000
1.42858169 -2.37460000
1.45834380 -2.34490000
1.45834380 -2.34490000
1.47553157 -2.34400000
1.49271935 -2.34130000
1.50990712 -2.33680000
1.52709489 -2.33040000
1.54428268 -2.32230000
1.56147046 -2.31240000
1.57865823 -2.30070000
1.59584600 -2.28720000
1.61303377 -2.27210000
1.63022154 -2.25520000
1.64740931 -2.23660000
1.66459708 -2.21640000
1.68178485 -2.19460000
1.69897265 -2.17120000
1.71616042 -2.14640000
1.73334819 -2.12010000
1.75053596 -2.09250000
1.76772373 -2.06360000
1.78491150 -2.03360000
1.80209928 -2.00260000
1.81928705 -1.97060000
1.83647482 -1.93790000
1.85366261 -1.90450000
1.87085039 -1.87060000
1.88803816 -1.83640000
1.90522593 -1.80190000
1.92241370 -1.76720000
1.93960147 -1.73250000
1.95678924 -1.69790000
1.97397701 -1.66340000
1.99116478 -1.62920000
2.00835255 -1.59540000
2.02554035 -1.56190000
2.04272812 -1.52910000
2.05991589 -1.49690000
2.07710366 -1.46550000
2.09429143 -1.43500000
2.11147921 -1.40560000
2.12866698 -1.37760000
2.14585475 -1.35090000
2.16304252 -1.32600000
2.18023032 -1.30290000
2.19741809 -1.28200000
2.21460586 -1.26350000
2.23179363 -1.24770000
2.24898140 -1.23480000
2.26616917 -1.22520000
2.28335694 -1.21910000
2.30054471 -1.21700000
2.30054471 -1.21700000
2.33492054 -1.22590000
2.36929637 -1.25540000
2.40367219 -1.30890000
2.43804802 -1.39060000
2.47242385 -1.50350000
2.50679967 -1.64800000
2.54117550 -1.82000000
2.57555138 -2.01280000
2.60992720 -2.21980000
2.64430303 -2.43560000
2.67867886 -2.65660000
2.71305468 -2.88030000
2.74743051 -3.10490000
2.78180634 -3.32890000
2.81618216 -3.55130000
2.85055799 -3.77130000
2.88493387 -3.98830000
2.91930969 -4.20150000
2.95368552 -4.41050000
2.98806135 -4.61480000
3.02243717 -4.81400000
3.05681300 -5.00710000
3.09118883 -5.19110000
3.12556465 -5.20370000
3.15994048 -5.04140000
3.19431631 -4.87640000
3.22869218 -4.71260000
3.26306801 -4.57530000
3.29744384 -4.69830000
3.33181966 -4.82630000
3.36619549 -4.90210000
3.40057132 -4.71420000
3.43494714 -4.53180000
3.46932297 -4.35560000
3.50369880 -4.18610000
3.53807467 -4.02380000
3.57245050 -3.86790000
3.60682633 -3.70910000
3.64120215 -3.53090000
3.67557798 -3.35340000
3.70995381 -3.18660000
3.74432963 -3.03340000
3.77870546 -2.89590000
3.81308129 -2.77610000
3.84745716 -2.67550000
3.88183299 -2.59590000
3.91620882 -2.53940000
3.95058464 -2.50980000
3.98496047 -2.50220000
3.98496047 -2.50220000
3.98891904 -2.50220000
3.99287760 -2.50220000
3.99683617 -2.50220000
4.00079473 -2.50220000
4.00475330 -2.50220000
4.00871186 -2.50210000
4.01267043 -2.50210000
4.01662899 -2.50220000
4.02058756 -2.50220000
4.02454613 -2.50220000
4.02850469 -2.50220000
4.03246326 -2.50220000
4.03642182 -2.50220000
4.04038039 -2.50220000
4.04433895 -2.50220000
4.04829752 -2.50220000
4.05225609 -2.50220000
4.05621465 -2.50220000
4.06017321 -2.50220000
4.06413178 -2.50220000
4.06809034 -2.50220000
4.07204891 -2.50220000
4.07600748 -2.50220000
4.07996604 -2.50220000
4.08392461 -2.50220000
4.08788317 -2.50220000
4.09184174 -2.50220000
4.09580031 -2.50220000
4.09975887 -2.50220000
4.10371744 -2.50220000
4.10767600 -2.50230000
4.11163457 -2.50230000
4.11559313 -2.50230000
4.11955170 -2.50230000
4.12351026 -2.50230000
4.12746883 -2.50230000
4.13142739 -2.50230000
4.13538596 -2.50230000
4.13934452 -2.50230000
4.14330309 -2.50230000
4.14726166 -2.50230000
4.15122022 -2.50220000
4.15517879 -2.50220000
4.15913735 -2.50220000
4.16309592 -2.50220000
4.16705449 -2.50220000
4.17101305 -2.50220000
4.17497162 -2.50220000
4.17893018 -2.50230000
4.17893018 -2.50230000
4.20869229 -2.51010000
4.23845441 -2.53510000
4.26821652 -2.57830000
4.29797866 -2.63870000
4.32774078 -2.71600000
4.35750289 -2.80910000
4.38726501 -2.91710000
4.41702712 -3.03940000
4.44678923 -3.17490000
4.47655138 -3.32280000
4.50631349 -3.48180000
4.53607560 -3.58000000
4.56583772 -3.67750000
4.59559983 -3.77810000
4.62536194 -3.88120000
4.65512409 -3.98610000
4.68488620 -4.09230000
4.71464831 -4.19930000
4.74441043 -4.30640000
4.77417254 -4.41330000
4.80393466 -4.51950000
4.83369680 -4.62450000
4.86345891 -4.71170000
4.89322103 -4.59570000
4.92298314 -4.47560000
4.95274525 -4.35190000
4.98250737 -4.35260000
5.01226951 -4.43400000
5.04203162 -4.51290000
5.07179374 -4.58900000
5.10155585 -4.66220000
5.13131796 -4.73230000
5.16108008 -4.71940000
5.19084222 -4.54850000
5.22060433 -4.37510000
5.25036645 -4.19970000
5.28012856 -4.02290000
5.30989068 -3.84540000
5.33965279 -3.66810000
5.36941493 -3.49210000
5.39917705 -3.31860000
5.42893916 -3.14930000
5.45870127 -2.98600000
5.48846339 -2.83110000
5.51822550 -2.68750000
5.54798764 -2.55910000
5.57774976 -2.45160000
5.60751187 -2.37460000
5.63727398 -2.34490000
5.63727398 -2.34490000
5.65446176 -2.34400000
5.67164953 -2.34130000
5.68883730 -2.33680000
5.70602507 -2.33050000
5.72321286 -2.32230000
5.74040064 -2.31240000
5.75758841 -2.30070000
5.77477618 -2.28720000
5.79196395 -2.27210000
5.80915172 -2.25520000
5.82633949 -2.23660000
5.84352726 -2.21640000
5.86071503 -2.19460000
5.87790283 -2.17130000
5.89509060 -2.14640000
5.91227837 -2.12010000
5.92946614 -2.09250000
5.94665391 -2.06370000
5.96384169 -2.03360000
5.98102946 -2.00260000
5.99821723 -1.97060000
6.01540500 -1.93790000
6.03259279 -1.90450000
6.04978057 -1.87060000
6.06696834 -1.83640000
6.08415611 -1.80180000
6.10134388 -1.76720000
6.11853165 -1.73250000
6.13571942 -1.69790000
6.15290719 -1.66340000
6.17009496 -1.62920000
6.18728273 -1.59530000
6.20447053 -1.56190000
6.22165830 -1.52900000
6.23884607 -1.49680000
6.25603384 -1.46540000
6.27322162 -1.43490000
6.29040939 -1.40560000
6.30759716 -1.37750000
6.32478493 -1.35090000
6.34197270 -1.32590000
6.35916050 -1.30290000
6.37634827 -1.28200000
6.39353604 -1.26350000
6.41072381 -1.24770000
6.42791158 -1.23480000
6.44509935 -1.22510000
6.46228712 -1.21910000
6.47947489 -1.21690000
6.47947489 -1.21690000
6.51385072 -1.22590000
6.54822655 -1.25530000
6.58260237 -1.30890000
6.61697820 -1.39050000
6.65135403 -1.50350000
6.68572985 -1.64790000
6.72010568 -1.82000000
6.75448156 -2.01280000
6.78885738 -2.21970000
6.82323321 -2.43560000
6.85760904 -2.65660000
6.89198486 -2.88030000
6.92636069 -3.10490000
6.96073652 -3.32890000
6.99511234 -3.55130000
7.02948817 -3.77130000
7.06386405 -3.98830000
7.09823987 -4.20150000
7.13261570 -4.41050000
7.16699153 -4.61480000
7.20136735 -4.81400000
7.23574318 -5.00710000
7.27011901 -5.19110000
7.30449483 -5.20370000
7.33887066 -5.04140000
7.37324649 -4.87640000
7.40762236 -4.71260000
7.44199819 -4.57530000
7.47637402 -4.69820000
7.51074984 -4.82630000
7.54512567 -4.90210000
7.57950150 -4.71420000
7.61387732 -4.53180000
7.64825315 -4.35560000
7.68262898 -4.18610000
7.71700485 -4.02380000
7.75138068 -3.86790000
7.78575651 -3.70910000
7.82013233 -3.53090000
7.85450816 -3.35340000
7.88888399 -3.18660000
7.92325981 -3.03340000
7.95763564 -2.89600000
7.99201147 -2.77610000
8.02638734 -2.67550000
8.06076317 -2.59580000
8.09513900 -2.53930000
8.12951482 -2.50990000
8.16389065 -2.50230000

0.00000000 -2.48520000
0.02976211 -2.49040000
0.05952423 -2.50440000
0.08928634 -2.52600000
0.11904848 -2.55510000
0.14881060 -2.59170000
0.17857271 -2.63550000
0.20833482 -2.68620000
0.23809694 -2.74330000
0.26785905 -2.80620000
0.29762120 -2.87460000
0.32738331 -2.94770000
0.35714542 -3.02510000
0.38690754 -3.10610000
0.41666965 -3.19020000
0.44643176 -3.27690000
0.47619391 -3.36570000
0.50595602 -3.45610000
0.53571813 -3.54750000
0.56548025 -3.63950000
0.59524236 -3.73180000
0.62500447 -3.82380000
0.65476662 -3.91530000
0.68452873 -4.00590000
0.71429084 -4.09520000
0.74405296 -4.18290000
0.77381507 -4.26870000
0.80357719 -4.22480000
0.83333933 -4.09460000
0.86310144 -3.96170000
0.89286356 -3.82660000
0.92262567 -3.68960000
0.95238778 -3.55130000
0.98214990 -3.41230000
1.01191204 -3.27340000
1.04167415 -3.13520000
1.07143627 -2.99890000
1.10119838 -2.86560000
1.13096049 -2.73650000
1.16072261 -2.61330000
1.19048475 -2.49780000
1.22024686 -2.39200000
1.25000898 -2.29830000
1.27977109 -2.21900000
1.30953321 -2.15650000
1.33929532 -2.11280000
1.36905746 -2.08920000
1.39881958 -2.08430000
1.42858169 -2.09230000
1.45834380 -2.09870000
1.45834380 -2.09870000
1.47553157 -2.09790000
1.49271935 -2.09570000
1.50990712 -2.09190000
1.52709489 -2.08670000
1.54428268 -2.07990000
1.56147046 -2.07170000
1.57865823 -2.06190000
1.59584600 -2.05060000
1.61303377 -2.03780000
1.63022154 -2.02350000
1.64740931 -2.00770000
1.66459708 -1.99030000
1.68178485 -1.97130000
1.69897265 -1.95080000
1.71616042 -1.92860000
1.73334819 -1.90480000
1.75053596 -1.87930000
1.76772373 -1.85200000
1.78491150 -1.82300000
1.80209928 -1.79210000
1.81928705 -1.75920000
1.83647482 -1.72440000
1.85366261 -1.68740000
1.87085039 -1.64830000
1.88803816 -1.60690000
1.90522593 -1.56330000
1.92241370 -1.51740000
1.93960147 -1.46920000
1.95678924 -1.41860000
1.97397701 -1.36580000
1.99116478 -1.31070000
2.00835255 -1.25330000
2.02554035 -1.19380000
2.04272812 -1.13200000
2.05991589 -1.06810000
2.07710366 -1.00220000
2.09429143 -0.93410000
2.11147921 -0.86400000
2.12866698 -0.79190000
2.14585475 -0.71790000
2.16304252 -0.64180000
2.18023032 -0.56390000
2.19741809 -0.48410000
2.21460586 -0.40250000
2.23179363 -0.31910000
2.24898140 -0.23410000
2.26616917 -0.14790000
2.28335694 -0.06210000
2.30054471 -0.00010000
2.30054471 -0.00010000
2.33492054 -0.15140000
2.36929637 -0.33790000
2.40367219 -0.52420000
2.43804802 -0.70520000
2.47242385 -0.87660000
2.50679967 -1.03680000
2.54117550 -1.18810000
2.57555138 -1.33520000
2.60992720 -1.48250000
2.64430303 -1.63300000
2.67867886 -1.78790000
2.71305468 -1.94740000
2.74743051 -2.11120000
2.78180634 -2.27850000
2.81618216 -2.44860000
2.85055799 -2.62050000
2.88493387 -2.79330000
2.91930969 -2.96630000
2.95368552 -3.13850000
2.98806135 -3.30940000
3.02243717 -3.47830000
3.05681300 -3.64460000
3.09118883 -3.80770000
3.12556465 -3.96730000
3.15994048 -4.12270000
3.19431631 -4.27370000
3.22869218 -4.41940000
3.26306801 -4.53500000
3.29744384 -4.38690000
3.33181966 -4.22980000
3.36619549 -4.07580000
3.40057132 -3.92550000
3.43494714 -3.77980000
3.46932297 -3.63920000
3.50369880 -3.50420000
3.53807467 -3.37550000
3.57245050 -3.25370000
3.60682633 -3.13930000
3.64120215 -3.03280000
3.67557798 -2.93470000
3.70995381 -2.84560000
3.74432963 -2.76580000
3.77870546 -2.69570000
3.81308129 -2.63580000
3.84745716 -2.58620000
3.88183299 -2.54700000
3.91620882 -2.51760000
3.95058464 -2.49500000
3.98496047 -2.48520000
3.98496047 -2.48520000
3.98891904 -2.48520000
3.99287760 -2.48520000
3.99683617 -2.48520000
4.00079473 -2.48520000
4.00475330 -2.48520000
4.00871186 -2.48520000
4.01267043 -2.48520000
4.01662899 -2.48520000
4.02058756 -2.48520000
4.02454613 -2.48520000
4.02850469 -2.48520000
4.03246326 -2.48520000
4.03642182 -2.48520000
4.04038039 -2.48520000
4.04433895 -2.48520000
4.04829752 -2.48520000
4.05225609 -2.48530000
4.05621465 -2.48530000
4.06017321 -2.48530000
4.06413178 -2.48530000
4.06809034 -2.48530000
4.07204891 -2.48530000
4.07600748 -2.48530000
4.07996604 -2.48530000
4.08392461 -2.48530000
4.08788317 -2.48530000
4.09184174 -2.48530000
4.09580031 -2.48530000
4.09975887 -2.48530000
4.10371744 -2.48530000
4.10767600 -2.48530000
4.11163457 -2.48530000
4.11559313 -2.48530000
4.11955170 -2.48530000
4.12351026 -2.48530000
4.12746883 -2.48530000
4.13142739 -2.48530000
4.13538596 -2.48530000
4.13934452 -2.48530000
4.14330309 -2.48530000
4.14726166 -2.48530000
4.15122022 -2.48530000
4.15517879 -2.48530000
4.15913735 -2.48530000
4.16309592 -2.48530000
4.16705449 -2.48530000
4.17101305 -2.48530000
4.17497162 -2.48530000
4.17893018 -2.48530000
4.17893018 -2.48530000
4.20869229 -2.49050000
4.23845441 -2.50450000
4.26821652 -2.52600000
4.29797866 -2.55510000
4.32774078 -2.59170000
4.35750289 -2.63560000
4.38726501 -2.68630000
4.41702712 -2.74330000
4.44678923 -2.80630000
4.47655138 -2.87460000
4.50631349 -2.94770000
4.53607560 -3.02500000
4.56583772 -3.10610000
4.59559983 -3.19020000
4.62536194 -3.27700000
4.65512409 -3.36570000
4.68488620 -3.45610000
4.71464831 -3.54750000
4.74441043 -3.63960000
4.77417254 -3.73190000
4.80393466 -3.82390000
4.83369680 -3.91530000
4.86345891 -4.00590000
4.89322103 -4.09520000
4.92298314 -4.18290000
4.95274525 -4.26880000
4.98250737 -4.22480000
5.01226951 -4.09460000
5.04203162 -3.96170000
5.07179374 -3.82660000
5.10155585 -3.68960000
5.13131796 -3.55130000
5.16108008 -3.41230000
5.19084222 -3.27330000
5.22060433 -3.13520000
5.25036645 -2.99890000
5.28012856 -2.86560000
5.30989068 -2.73650000
5.33965279 -2.61330000
5.36941493 -2.49780000
5.39917705 -2.39200000
5.42893916 -2.29830000
5.45870127 -2.21890000
5.48846339 -2.15640000
5.51822550 -2.11280000
5.54798764 -2.08920000
5.57774976 -2.08440000
5.60751187 -2.09230000
5.63727398 -2.09870000
5.63727398 -2.09870000
5.65446176 -2.09800000
5.67164953 -2.09570000
5.68883730 -2.09200000
5.70602507 -2.08670000
5.72321286 -2.08000000
5.74040064 -2.07170000
5.75758841 -2.06190000
5.77477618 -2.05060000
5.79196395 -2.03780000
5.80915172 -2.02350000
5.82633949 -2.00770000
5.84352726 -1.99030000
5.86071503 -1.97130000
5.87790283 -1.95080000
5.89509060 -1.92860000
5.91227837 -1.90480000
5.92946614 -1.87930000
5.94665391 -1.85210000
5.96384169 -1.82300000
5.98102946 -1.79210000
5.99821723 -1.75920000
6.01540500 -1.72440000
6.03259279 -1.68740000
6.04978057 -1.64830000
6.06696834 -1.60690000
6.08415611 -1.56330000
6.10134388 -1.51740000
6.11853165 -1.46910000
6.13571942 -1.41860000
6.15290719 -1.36580000
6.17009496 -1.31070000
6.18728273 -1.25330000
6.20447053 -1.19370000
6.22165830 -1.13200000
6.23884607 -1.06810000
6.25603384 -1.00210000
6.27322162 -0.93410000
6.29040939 -0.86400000
6.30759716 -0.79190000
6.32478493 -0.71780000
6.34197270 -0.64180000
6.35916050 -0.56390000
6.37634827 -0.48410000
6.39353604 -0.40240000
6.41072381 -0.31910000
6.42791158 -0.23410000
6.44509935 -0.14780000
6.46228712 -0.06200000
6.47947489 0.00000000
6.47947489 0.00000000
6.51385072 -0.15140000
6.54822655 -0.33790000
6.58260237 -0.52420000
6.61697820 -0.70520000
6.65135403 -0.87650000
6.68572985 -1.03670000
6.72010568 -1.18800000
6.75448156 -1.33510000
6.78885738 -1.48250000
6.82323321 -1.63290000
6.85760904 -1.78780000
6.89198486 -1.94730000
6.92636069 -2.11110000
6.96073652 -2.27850000
6.99511234 -2.44860000
7.02948817 -2.62050000
7.06386405 -2.79330000
7.09823987 -2.96630000
7.13261570 -3.13850000
7.16699153 -3.30940000
7.20136735 -3.47830000
7.23574318 -3.64460000
7.27011901 -3.80770000
7.30449483 -3.96730000
7.33887066 -4.12270000
7.37324649 -4.27370000
7.40762236 -4.41930000
7.44199819 -4.53500000
7.47637402 -4.38700000
7.51074984 -4.22980000
7.54512567 -4.07580000
7.57950150 -3.92550000
7.61387732 -3.77980000
7.64825315 -3.63920000
7.68262898 -3.50420000
7.71700485 -3.37550000
7.75138068 -3.25370000
7.78575651 -3.13920000
7.82013233 -3.03270000
7.85450816 -2.93460000
7.88888399 -2.84550000
7.92325981 -2.76570000
7.95763564 -2.69570000
7.99201147 -2.63570000
8.02638734 -2.58620000
8.06076317 -2.54700000
8.09513900 -2.51760000
8.12951482 -2.49510000
8.16389065 -2.48530000

0.00000000 3.64920000
0.02976211 3.65260000
0.05952423 3.66270000
0.08928634 3.67970000
0.11904848 3.70340000
0.14881060 3.73380000
0.17857271 3.77090000
0.20833482 3.81460000
0.23809694 3.86480000
0.26785905 3.92160000
0.29762120 3.98490000
0.32738331 4.05470000
0.35714542 4.13080000
0.38690754 4.21340000
0.41666965 4.30230000
0.44643176 4.39750000
0.47619391 4.49900000
0.50595602 4.60670000
0.53571813 4.72070000
0.56548025 4.84080000
0.59524236 4.96710000
0.62500447 5.09940000
0.65476662 5.23770000
0.68452873 5.38180000
0.71429084 5.53170000
0.74405296 5.68710000
0.77381507 5.84760000
0.80357719 6.01160000
0.83333933 6.03520000
0.86310144 5.79920000
0.89286356 5.53780000
0.92262567 5.26900000
0.95238778 4.99810000
0.98214990 4.72780000
1.01191204 4.45950000
1.04167415 4.19460000
1.07143627 3.93450000
1.10119838 3.68050000
1.13096049 3.43380000
1.16072261 3.19630000
1.19048475 2.96950000
1.22024686 2.75570000
1.25000898 2.55700000
1.27977109 2.37620000
1.30953321 2.21610000
1.33929532 2.07960000
1.36905746 1.96960000
1.39881958 1.88880000
1.42858169 1.83940000
1.45834380 1.82290000
1.45834380 1.82290000
1.47553157 1.82260000
1.49271935 1.82170000
1.50990712 1.82020000
1.52709489 1.81820000
1.54428268 1.81560000
1.56147046 1.81230000
1.57865823 1.80820000
1.59584600 1.80350000
1.61303377 1.79800000
1.63022154 1.79170000
1.64740931 1.78450000
1.66459708 1.77630000
1.68178485 1.76700000
1.69897265 1.75670000
1.71616042 1.74520000
1.73334819 1.73230000
1.75053596 1.71810000
1.76772373 1.70250000
1.78491150 1.68520000
1.80209928 1.66630000
1.81928705 1.64550000
1.83647482 1.62290000
1.85366261 1.59830000
1.87085039 1.57160000
1.88803816 1.54270000
1.90522593 1.51140000
1.92241370 1.47780000
1.93960147 1.44160000
1.95678924 1.40280000
1.97397701 1.36140000
1.99116478 1.31710000
2.00835255 1.27010000
2.02554035 1.22010000
2.04272812 1.16730000
2.05991589 1.11140000
2.07710366 1.05260000
2.09429143 0.99080000
2.11147921 0.92610000
2.12866698 0.85840000
2.14585475 0.78790000
2.16304252 0.71450000
2.18023032 0.63840000
2.19741809 0.55980000
2.21460586 0.47870000
2.23179363 0.39530000
2.24898140 0.31000000
2.26616917 0.22320000
2.28335694 0.13690000
2.30054471 0.07470000
2.30054471 0.07470000
2.33492054 0.22750000
2.36929637 0.42020000
2.40367219 0.62110000
2.43804802 0.82910000
2.47242385 1.04380000
2.50679967 1.26510000
2.54117550 1.49280000
2.57555138 1.72670000
2.60992720 1.96650000
2.64430303 2.21220000
2.67867886 2.46350000
2.71305468 2.72030000
2.74743051 2.98220000
2.78180634 3.24900000
2.81618216 3.52040000
2.85055799 3.79620000
2.88493387 4.07590000
2.91930969 4.35930000
2.95368552 4.64590000
2.98806135 4.93530000
3.02243717 5.22690000
3.05681300 5.52020000
3.09118883 5.81430000
3.12556465 6.10700000
3.15994048 6.16530000
3.19431631 5.96510000
3.22869218 5.77170000
3.26306801 5.58610000
3.29744384 5.40850000
3.33181966 5.23930000
3.36619549 5.07840000
3.40057132 4.92590000
3.43494714 4.78180000
3.46932297 4.64620000
3.50369880 4.51910000
3.53807467 4.40060000
3.57245050 4.29060000
3.60682633 4.18910000
3.64120215 4.09620000
3.67557798 4.01200000
3.70995381 3.93640000
3.74432963 3.86950000
3.77870546 3.81130000
3.81308129 3.76190000
3.84745716 3.72140000
3.88183299 3.68990000
3.91620882 3.66730000
3.95058464 3.65370000
3.98496047 3.64920000
3.98496047 3.64920000
3.98891904 3.64920000
3.99287760 3.64940000
3.99683617 3.64970000
4.00079473 3.65010000
4.00475330 3.65070000
4.00871186 3.65140000
4.01267043 3.65220000
4.01662899 3.65310000
4.02058756 3.65410000
4.02454613 3.65530000
4.02850469 3.65650000
4.03246326 3.65790000
4.03642182 3.65940000
4.04038039 3.66100000
4.04433895 3.66270000
4.04829752 3.66450000
4.05225609 3.66640000
4.05621465 3.66840000
4.06017321 3.67050000
4.06413178 3.67270000
4.06809034 3.67500000
4.07204891 3.67740000
4.07600748 3.67980000
4.07996604 3.68230000
4.08392461 3.68490000
4.08788317 3.68750000
4.09184174 3.69010000
4.09580031 3.69280000
4.09975887 3.69560000
4.10371744 3.69830000
4.10767600 3.70110000
4.11163457 3.70380000
4.11559313 3.70660000
4.11955170 3.70930000
4.12351026 3.71190000
4.12746883 3.71450000
4.13142739 3.71700000
4.13538596 3.71940000
4.13934452 3.72170000
4.14330309 3.72390000
4.14726166 3.72590000
4.15122022 3.72770000
4.15517879 3.72930000
4.15913735 3.73080000
4.16309592 3.73190000
4.16705449 3.73290000
4.17101305 3.73350000
4.17497162 3.73400000
4.17893018 3.73410000
4.17893018 3.73410000
4.20869229 3.73750000
4.23845441 3.74770000
4.26821652 3.76470000
4.29797866 3.78840000
4.32774078 3.81880000
4.35750289 3.85580000
4.38726501 3.89950000
4.41702712 3.94960000
4.44678923 4.00630000
4.47655138 4.06950000
4.50631349 4.13900000
4.53607560 4.21490000
4.56583772 4.29710000
4.59559983 4.38550000
4.62536194 4.48030000
4.65512409 4.58120000
4.68488620 4.68820000
4.71464831 4.80150000
4.74441043 4.92070000
4.77417254 5.04600000
4.80393466 5.17730000
4.83369680 5.31440000
4.86345891 5.45720000
4.89322103 5.60560000
4.92298314 5.75920000
4.95274525 5.91740000
4.98250737 6.07500000
5.01226951 6.02580000
5.04203162 5.79720000
5.07179374 5.53720000
5.10155585 5.26870000
5.13131796 4.99810000
5.16108008 4.72770000
5.19084222 4.45950000
5.22060433 4.19470000
5.25036645 3.93460000
5.28012856 3.68050000
5.30989068 3.43390000
5.33965279 3.19630000
5.36941493 2.96950000
5.39917705 2.75570000
5.42893916 2.55710000
5.45870127 2.37630000
5.48846339 2.21610000
5.51822550 2.07960000
5.54798764 1.96960000
5.57774976 1.88880000
5.60751187 1.83940000
5.63727398 1.82280000
5.63727398 1.82280000
5.65446176 1.82250000
5.67164953 1.82170000
5.68883730 1.82020000
5.70602507 1.81820000
5.72321286 1.81550000
5.74040064 1.81220000
5.75758841 1.80820000
5.77477618 1.80350000
5.79196395 1.79800000
5.80915172 1.79170000
5.82633949 1.78440000
5.84352726 1.77630000
5.86071503 1.76700000
5.87790283 1.75670000
5.89509060 1.74510000
5.91227837 1.73230000
5.92946614 1.71810000
5.94665391 1.70240000
5.96384169 1.68520000
5.98102946 1.66630000
5.99821723 1.64560000
6.01540500 1.62300000
6.03259279 1.59830000
6.04978057 1.57160000
6.06696834 1.54270000
6.08415611 1.51150000
6.10134388 1.47780000
6.11853165 1.44170000
6.13571942 1.40290000
6.15290719 1.36140000
6.17009496 1.31720000
6.18728273 1.27020000
6.20447053 1.22020000
6.22165830 1.16730000
6.23884607 1.11150000
6.25603384 1.05270000
6.27322162 0.99090000
6.29040939 0.92610000
6.30759716 0.85840000
6.32478493 0.78790000
6.34197270 0.71450000
6.35916050 0.63850000
6.37634827 0.55980000
6.39353604 0.47870000
6.41072381 0.39530000
6.42791158 0.31000000
6.44509935 0.22320000
6.46228712 0.13700000
6.47947489 0.07470000
6.47947489 0.07470000
6.51385072 0.22750000
6.54822655 0.42030000
6.58260237 0.62110000
6.61697820 0.82910000
6.65135403 1.04390000
6.68572985 1.26520000
6.72010568 1.49280000
6.75448156 1.72670000
6.78885738 1.96650000
6.82323321 2.21230000
6.85760904 2.46360000
6.89198486 2.72040000
6.92636069 2.98220000
6.96073652 3.24900000
6.99511234 3.52040000
7.02948817 3.79620000
7.06386405 4.07600000
7.09823987 4.35930000
7.13261570 4.64590000
7.16699153 4.93530000
7.20136735 5.22700000
7.23574318 5.52030000
7.27011901 5.81430000
7.30449483 6.10660000
7.33887066 6.23670000
7.37324649 6.03890000
7.40762236 5.84700000
7.44199819 5.66260000
7.47637402 5.48620000
7.51074984 5.31790000
7.54512567 5.15800000
7.57950150 5.00630000
7.61387732 4.86300000
7.64825315 4.72810000
7.68262898 4.60170000
7.71700485 4.48360000
7.75138068 4.37410000
7.78575651 4.27300000
7.82013233 4.18050000
7.85450816 4.09650000
7.88888399 4.02110000
7.92325981 3.95430000
7.95763564 3.89620000
7.99201147 3.84690000
8.02638734 3.80640000
8.06076317 3.77480000
8.09513900 3.75220000
8.12951482 3.73860000
8.16389065 3.73410000

0.00000000 4.17300000
0.02976211 4.17630000
0.05952423 4.18610000
0.08928634 4.20250000
0.11904848 4.22540000
0.14881060 4.25470000
0.17857271 4.29060000
0.20833482 4.33290000
0.23809694 4.38160000
0.26785905 4.43670000
0.29762120 4.49820000
0.32738331 4.56590000
0.35714542 4.63990000
0.38690754 4.72010000
0.41666965 4.80640000
0.44643176 4.89880000
0.47619391 4.99700000
0.50595602 5.10110000
0.53571813 5.21070000
0.56548025 5.32560000
0.59524236 5.44560000
0.62500447 5.56990000
0.65476662 5.69770000
0.68452873 5.82760000
0.71429084 5.95670000
0.74405296 6.07900000
0.77381507 6.17750000
0.80357719 6.19310000
0.83333933 6.18680000
0.86310144 6.34880000
0.89286356 6.42890000
0.92262567 6.33180000
0.95238778 6.17670000
0.98214990 5.99690000
1.01191204 5.80450000
1.04167415 5.60600000
1.07143627 5.40550000
1.10119838 5.20600000
1.13096049 5.00990000
1.16072261 4.81960000
1.19048475 4.63700000
1.22024686 4.46430000
1.25000898 4.30390000
1.27977109 4.15790000
1.30953321 4.02860000
1.33929532 3.91860000
1.36905746 3.83010000
1.39881958 3.76520000
1.42858169 3.72550000
1.45834380 3.71210000
1.45834380 3.71210000
1.47553157 3.71230000
1.49271935 3.71280000
1.50990712 3.71370000
1.52709489 3.71490000
1.54428268 3.71640000
1.56147046 3.71810000
1.57865823 3.72020000
1.59584600 3.72260000
1.61303377 3.72510000
1.63022154 3.72790000
1.64740931 3.73090000
1.66459708 3.73390000
1.68178485 3.73710000
1.69897265 3.74040000
1.71616042 3.74360000
1.73334819 3.74680000
1.75053596 3.75000000
1.76772373 3.75300000
1.78491150 3.75580000
1.80209928 3.75830000
1.81928705 3.76060000
1.83647482 3.76250000
1.85366261 3.76400000
1.87085039 3.76510000
1.88803816 3.76560000
1.90522593 3.76560000
1.92241370 3.76500000
1.93960147 3.76380000
1.95678924 3.76180000
1.97397701 3.75920000
1.99116478 3.75580000
2.00835255 3.75180000
2.02554035 3.74700000
2.04272812 3.74150000
2.05991589 3.73530000
2.07710366 3.72860000
2.09429143 3.72130000
2.11147921 3.71350000
2.12866698 3.70540000
2.14585475 3.69710000
2.16304252 3.68880000
2.18023032 3.68060000
2.19741809 3.67270000
2.21460586 3.66530000
2.23179363 3.65870000
2.24898140 3.65310000
2.26616917 3.64880000
2.28335694 3.64610000
2.30054471 3.64520000
2.30054471 3.64520000
2.33492054 3.65010000
2.36929637 3.66570000
2.40367219 3.69400000
2.43804802 3.73650000
2.47242385 3.79450000
2.50679967 3.86860000
2.54117550 3.95900000
2.57555138 4.06540000
2.60992720 4.18710000
2.64430303 4.32320000
2.67867886 4.47260000
2.71305468 4.63400000
2.74743051 4.80590000
2.78180634 4.98690000
2.81618216 5.17540000
2.85055799 5.36970000
2.88493387 5.56770000
2.91930969 5.76680000
2.95368552 5.96340000
2.98806135 6.15210000
3.02243717 6.32320000
3.05681300 6.45800000
3.09118883 6.51050000
3.12556465 6.36820000
3.15994048 6.37440000
3.19431631 6.31810000
3.22869218 6.17010000
3.26306801 6.01290000
3.29744384 5.85480000
3.33181966 5.69960000
3.36619549 5.54940000
3.40057132 5.40530000
3.43494714 5.26800000
3.46932297 5.13800000
3.50369880 5.01560000
3.53807467 4.90110000
3.57245050 4.79460000
3.60682633 4.69620000
3.64120215 4.60610000
3.67557798 4.52430000
3.70995381 4.45100000
3.74432963 4.38610000
3.77870546 4.32970000
3.81308129 4.28200000
3.84745716 4.24280000
3.88183299 4.21230000
3.91620882 4.19050000
3.95058464 4.17740000
3.98496047 4.17300000
3.98496047 4.17300000
3.98891904 4.17290000
3.99287760 4.17230000
3.99683617 4.17130000
4.00079473 4.17000000
4.00475330 4.16830000
4.00871186 4.16620000
4.01267043 4.16380000
4.01662899 4.16100000
4.02058756 4.15790000
4.02454613 4.15450000
4.02850469 4.15080000
4.03246326 4.14680000
4.03642182 4.14260000
4.04038039 4.13810000
4.04433895 4.13340000
4.04829752 4.12850000
4.05225609 4.12340000
4.05621465 4.11820000
4.06017321 4.11280000
4.06413178 4.10730000
4.06809034 4.10160000
4.07204891 4.09590000
4.07600748 4.09010000
4.07996604 4.08430000
4.08392461 4.07840000
4.08788317 4.07260000
4.09184174 4.06670000
4.09580031 4.06090000
4.09975887 4.05510000
4.10371744 4.04940000
4.10767600 4.04380000
4.11163457 4.03830000
4.11559313 4.03290000
4.11955170 4.02770000
4.12351026 4.02270000
4.12746883 4.01780000
4.13142739 4.01320000
4.13538596 4.00890000
4.13934452 4.00480000
4.14330309 4.00100000
4.14726166 3.99750000
4.15122022 3.99440000
4.15517879 3.99160000
4.15913735 3.98920000
4.16309592 3.98720000
4.16705449 3.98570000
4.17101305 3.98450000
4.17497162 3.98390000
4.17893018 3.98360000
4.17893018 3.98360000
4.20869229 3.98690000
4.23845441 3.99690000
4.26821652 4.01340000
4.29797866 4.03650000
4.32774078 4.06620000
4.35750289 4.10250000
4.38726501 4.14530000
4.41702712 4.19460000
4.44678923 4.25040000
4.47655138 4.31270000
4.50631349 4.38140000
4.53607560 4.45660000
4.56583772 4.53810000
4.59559983 4.62580000
4.62536194 4.71980000
4.65512409 4.82000000
4.68488620 4.92630000
4.71464831 5.03840000
4.74441043 5.15630000
4.77417254 5.27970000
4.80393466 5.40820000
4.83369680 5.54130000
4.86345891 5.67780000
4.89322103 5.81590000
4.92298314 5.95170000
4.95274525 6.07430000
4.98250737 6.14390000
5.01226951 6.25090000
5.04203162 6.40050000
5.07179374 6.42730000
5.10155585 6.32780000
5.13131796 6.17520000
5.16108008 5.99650000
5.19084222 5.80440000
5.22060433 5.60600000
5.25036645 5.40550000
5.28012856 5.20590000
5.30989068 5.00990000
5.33965279 4.81950000
5.36941493 4.63700000
5.39917705 4.46440000
5.42893916 4.30390000
5.45870127 4.15790000
5.48846339 4.02860000
5.51822550 3.91860000
5.54798764 3.83010000
5.57774976 3.76510000
5.60751187 3.72540000
5.63727398 3.71210000
5.63727398 3.71210000
5.65446176 3.71230000
5.67164953 3.71280000
5.68883730 3.71360000
5.70602507 3.71480000
5.72321286 3.71630000
5.74040064 3.71810000
5.75758841 3.72020000
5.77477618 3.72260000
5.79196395 3.72510000
5.80915172 3.72790000
5.82633949 3.73090000
5.84352726 3.73400000
5.86071503 3.73710000
5.87790283 3.74040000
5.89509060 3.74360000
5.91227837 3.74680000
5.92946614 3.74990000
5.94665391 3.75290000
5.96384169 3.75570000
5.98102946 3.75830000
5.99821723 3.76060000
6.01540500 3.76250000
6.03259279 3.76400000
6.04978057 3.76510000
6.06696834 3.76560000
6.08415611 3.76560000
6.10134388 3.76500000
6.11853165 3.76380000
6.13571942 3.76180000
6.15290719 3.75920000
6.17009496 3.75590000
6.18728273 3.75180000
6.20447053 3.74700000
6.22165830 3.74150000
6.23884607 3.73540000
6.25603384 3.72860000
6.27322162 3.72130000
6.29040939 3.71360000
6.30759716 3.70550000
6.32478493 3.69720000
6.34197270 3.68890000
6.35916050 3.68060000
6.37634827 3.67270000
6.39353604 3.66530000
6.41072381 3.65870000
6.42791158 3.65320000
6.44509935 3.64890000
6.46228712 3.64610000
6.47947489 3.64530000
6.47947489 3.64530000
6.51385072 3.65020000
6.54822655 3.66570000
6.58260237 3.69400000
6.61697820 3.73650000
6.65135403 3.79450000
6.68572985 3.86870000
6.72010568 3.95900000
6.75448156 4.06540000
6.78885738 4.18710000
6.82323321 4.32330000
6.85760904 4.47260000
6.89198486 4.63400000
6.92636069 4.80590000
6.96073652 4.98690000
6.99511234 5.17540000
7.02948817 5.36970000
7.06386405 5.56770000
7.09823987 5.76670000
7.13261570 5.96310000
7.16699153 6.15110000
7.20136735 6.32030000
7.23574318 6.45000000
7.27011901 6.50280000
7.30449483 6.42590000
7.33887066 6.32950000
7.37324649 6.20020000
7.40762236 6.03550000
7.44199819 5.86730000
7.47637402 5.70130000
7.51074984 5.54020000
7.54512567 5.38510000
7.57950150 5.23700000
7.61387732 5.09630000
7.64825315 4.96350000
7.68262898 4.83860000
7.71700485 4.72190000
7.75138068 4.61360000
7.78575651 4.51360000
7.82013233 4.42210000
7.85450816 4.33920000
7.88888399 4.26480000
7.92325981 4.19910000
7.95763564 4.14210000
7.99201147 4.09370000
8.02638734 4.05410000
8.06076317 4.02330000
8.09513900 4.00130000
8.12951482 3.98800000
8.16389065 3.98360000

0.00000000 5.14350000
0.02976211 5.14680000
0.05952423 5.15700000
0.08928634 5.17390000
0.11904848 5.19760000
0.14881060 5.22800000
0.17857271 5.26500000
0.20833482 5.30870000
0.23809694 5.35900000
0.26785905 5.41590000
0.29762120 5.47930000
0.32738331 5.54910000
0.35714542 5.62540000
0.38690754 5.70810000
0.41666965 5.79710000
0.44643176 5.89250000
0.47619391 5.99410000
0.50595602 6.10180000
0.53571813 6.21570000
0.56548025 6.33560000
0.59524236 6.46130000
0.62500447 6.59270000
0.65476662 6.72920000
0.68452873 6.86980000
0.71429084 7.00990000
0.74405296 6.98740000
0.77381507 6.75790000
0.80357719 6.58960000
0.83333933 6.55420000
0.86310144 6.55540000
0.89286356 6.59140000
0.92262567 6.75030000
0.95238778 6.93080000
0.98214990 7.11180000
1.01191204 7.27720000
1.04167415 7.38310000
1.07143627 7.40500000
1.10119838 7.39260000
1.13096049 7.37180000
1.16072261 7.34930000
1.19048475 7.32740000
1.22024686 7.30690000
1.25000898 7.28830000
1.27977109 7.27190000
1.30953321 7.25780000
1.33929532 7.24620000
1.36905746 7.23710000
1.39881958 7.23060000
1.42858169 7.22660000
1.45834380 7.22530000
1.45834380 7.22530000
1.47553157 7.23030000
1.49271935 7.24510000
1.50990712 7.26970000
1.52709489 7.30410000
1.54428268 7.34800000
1.56147046 7.40130000
1.57865823 7.46390000
1.59584600 7.53540000
1.61303377 7.61560000
1.63022154 7.70420000
1.64740931 7.80090000
1.66459708 7.90540000
1.68178485 8.01730000
1.69897265 8.13630000
1.71616042 8.26190000
1.73334819 8.39390000
1.75053596 8.53190000
1.76772373 8.67540000
1.78491150 8.82400000
1.80209928 8.97720000
1.81928705 9.13460000
1.83647482 9.29590000
1.85366261 9.46020000
1.87085039 9.62710000
1.88803816 9.79600000
1.90522593 9.96610000
1.92241370 10.13660000
1.93960147 10.30620000
1.95678924 10.47340000
1.97397701 10.63930000
1.99116478 10.79270000
2.00835255 10.94030000
2.02554035 11.07090000
2.04272812 11.16350000
2.05991589 11.15670000
2.07710366 11.11490000
2.09429143 11.07140000
2.11147921 11.02930000
2.12866698 10.98980000
2.14585475 10.95330000
2.16304252 10.92030000
2.18023032 10.89100000
2.19741809 10.86550000
2.21460586 10.84390000
2.23179363 10.82630000
2.24898140 10.81270000
2.26616917 10.80300000
2.28335694 10.79720000
2.30054471 10.79520000
2.30054471 10.79520000
2.33492054 10.80160000
2.36929637 10.82000000
2.40367219 10.84710000
2.43804802 10.87720000
2.47242385 10.90090000
2.50679967 10.90460000
2.54117550 10.86500000
2.57555138 10.70970000
2.60992720 10.41880000
2.64430303 10.11660000
2.67867886 9.81390000
2.71305468 9.51360000
2.74743051 9.21710000
2.78180634 8.92560000
2.81618216 8.63980000
2.85055799 8.36040000
2.88493387 8.08780000
2.91930969 7.82230000
2.95368552 7.56440000
2.98806135 7.31440000
3.02243717 7.07300000
3.05681300 6.84240000
3.09118883 6.64160000
3.12556465 6.55970000
3.15994048 6.49440000
3.19431631 6.71170000
3.22869218 6.99800000
3.26306801 7.08010000
3.29744384 6.90670000
3.33181966 6.73770000
3.36619549 6.57650000
3.40057132 6.42350000
3.43494714 6.27890000
3.46932297 6.14280000
3.50369880 6.01520000
3.53807467 5.89620000
3.57245050 5.78580000
3.60682633 5.68400000
3.64120215 5.59090000
3.67557798 5.50640000
3.70995381 5.43070000
3.74432963 5.36370000
3.77870546 5.30550000
3.81308129 5.25610000
3.84745716 5.21560000
3.88183299 5.18410000
3.91620882 5.16150000
3.95058464 5.14800000
3.98496047 5.14350000
3.98496047 5.14350000
3.98891904 5.14380000
3.99287760 5.14470000
3.99683617 5.14630000
4.00079473 5.14860000
4.00475330 5.15140000
4.00871186 5.15490000
4.01267043 5.15890000
4.01662899 5.16360000
4.02058756 5.16880000
4.02454613 5.17450000
4.02850469 5.18080000
4.03246326 5.18770000
4.03642182 5.19500000
4.04038039 5.20270000
4.04433895 5.21090000
4.04829752 5.21960000
4.05225609 5.22860000
4.05621465 5.23800000
4.06017321 5.24770000
4.06413178 5.25780000
4.06809034 5.26810000
4.07204891 5.27870000
4.07600748 5.28960000
4.07996604 5.30060000
4.08392461 5.31180000
4.08788317 5.32310000
4.09184174 5.33450000
4.09580031 5.34590000
4.09975887 5.35740000
4.10371744 5.36890000
4.10767600 5.38020000
4.11163457 5.39150000
4.11559313 5.40260000
4.11955170 5.41350000
4.12351026 5.42410000
4.12746883 5.43440000
4.13142739 5.44430000
4.13538596 5.45380000
4.13934452 5.46270000
4.14330309 5.47110000
4.14726166 5.47880000
4.15122022 5.48580000
4.15517879 5.49200000
4.15913735 5.49740000
4.16309592 5.50190000
4.16705449 5.50540000
4.17101305 5.50800000
4.17497162 5.50960000
4.17893018 5.51010000
4.17893018 5.51010000
4.20869229 5.51340000
4.23845441 5.52320000
4.26821652 5.53970000
4.29797866 5.56270000
4.32774078 5.59220000
4.35750289 5.62820000
4.38726501 5.67070000
4.41702712 5.71970000
4.44678923 5.77500000
4.47655138 5.83680000
4.50631349 5.90480000
4.53607560 5.97910000
4.56583772 6.05950000
4.59559983 6.14610000
4.62536194 6.23850000
4.65512409 6.33680000
4.68488620 6.44060000
4.71464831 6.54950000
4.74441043 6.66310000
4.77417254 6.78020000
4.80393466 6.89910000
4.83369680 7.01610000
4.86345891 7.11860000
4.89322103 7.14160000
4.92298314 6.95780000
4.95274525 6.72390000
4.98250737 6.52860000
5.01226951 6.48050000
5.04203162 6.52000000
5.07179374 6.63290000
5.10155585 6.80340000
5.13131796 6.98140000
5.16108008 7.15590000
5.19084222 7.30850000
5.22060433 7.39430000
5.25036645 7.40740000
5.28012856 7.39320000
5.30989068 7.37200000
5.33965279 7.34940000
5.36941493 7.32740000
5.39917705 7.30690000
5.42893916 7.28830000
5.45870127 7.27190000
5.48846339 7.25780000
5.51822550 7.24620000
5.54798764 7.23710000
5.57774976 7.23060000
5.60751187 7.22660000
5.63727398 7.22530000
5.63727398 7.22530000
5.65446176 7.23030000
5.67164953 7.24510000
5.68883730 7.26970000
5.70602507 7.30410000
5.72321286 7.34800000
5.74040064 7.40130000
5.75758841 7.46390000
5.77477618 7.53540000
5.79196395 7.61560000
5.80915172 7.70420000
5.82633949 7.80090000
5.84352726 7.90540000
5.86071503 8.01730000
5.87790283 8.13620000
5.89509060 8.26190000
5.91227837 8.39400000
5.92946614 8.53200000
5.94665391 8.67540000
5.96384169 8.82400000
5.98102946 8.97730000
5.99821723 9.13470000
6.01540500 9.29580000
6.03259279 9.46020000
6.04978057 9.62720000
6.06696834 9.79610000
6.08415611 9.96620000
6.10134388 10.13650000
6.11853165 10.30620000
6.13571942 10.47600000
6.15290719 10.64510000
6.17009496 10.79370000
6.18728273 10.94280000
6.20447053 11.07040000
6.22165830 11.16320000
6.23884607 11.15600000
6.25603384 11.11430000
6.27322162 11.07080000
6.29040939 11.02890000
6.30759716 10.98950000
6.32478493 10.95310000
6.34197270 10.92010000
6.35916050 10.89080000
6.37634827 10.86530000
6.39353604 10.84380000
6.41072381 10.82620000
6.42791158 10.81260000
6.44509935 10.80300000
6.46228712 10.79720000
6.47947489 10.79510000
6.47947489 10.79510000
6.51385072 10.80150000
6.54822655 10.81990000
6.58260237 10.84690000
6.61697820 10.87660000
6.65135403 10.89940000
6.68572985 10.89990000
6.72010568 10.85650000
6.75448156 10.72730000
6.78885738 10.45010000
6.82323321 10.15220000
6.85760904 9.85330000
6.89198486 9.55640000
6.92636069 9.26310000
6.96073652 8.97450000
6.99511234 8.69150000
7.02948817 8.41460000
7.06386405 8.14430000
7.09823987 7.88100000
7.13261570 7.62500000
7.16699153 7.37660000
7.20136735 7.13610000
7.23574318 6.90440000
7.27011901 6.68470000
7.30449483 6.50590000
7.33887066 6.44120000
7.37324649 6.70810000
7.40762236 6.99590000
7.44199819 7.24650000
7.47637402 7.16670000
7.51074984 7.02720000
7.54512567 6.88400000
7.57950150 6.74320000
7.61387732 6.60750000
7.64825315 6.47810000
7.68262898 6.35580000
7.71700485 6.24110000
7.75138068 6.13430000
7.78575651 6.03560000
7.82013233 5.94520000
7.85450816 5.86300000
7.88888399 5.78940000
7.92325981 5.72420000
7.95763564 5.66750000
7.99201147 5.61950000
8.02638734 5.58020000
8.06076317 5.54950000
8.09513900 5.52760000
8.12951482 5.51450000
8.16389065 5.51010000

0.00000000 7.17730000
0.02976211 7.18060000
0.05952423 7.19050000
0.08928634 7.20700000
0.11904848 7.23000000
0.14881060 7.25950000
0.17857271 7.29530000
0.20833482 7.33740000
0.23809694 7.38560000
0.26785905 7.43970000
0.29762120 7.49940000
0.32738331 7.56440000
0.35714542 7.63420000
0.38690754 7.70820000
0.41666965 7.78450000
0.44643176 7.85550000
0.47619391 7.92050000
0.50595602 7.95200000
0.53571813 7.97560000
0.56548025 7.97040000
0.59524236 7.95810000
0.62500447 7.91190000
0.65476662 7.76300000
0.68452873 7.51530000
0.71429084 7.26230000
0.74405296 7.17800000
0.77381507 7.30790000
0.80357719 7.39590000
0.83333933 7.39060000
0.86310144 7.38120000
0.89286356 7.42700000
0.92262567 7.52510000
0.95238778 7.60830000
0.98214990 7.60090000
1.01191204 7.59650000
1.04167415 7.65210000
1.07143627 7.79270000
1.10119838 7.96430000
1.13096049 8.13660000
1.16072261 8.29690000
1.19048475 8.43680000
1.22024686 8.55160000
1.25000898 8.64070000
1.27977109 8.70720000
1.30953321 8.75550000
1.33929532 8.79000000
1.36905746 8.81380000
1.39881958 8.82940000
1.42858169 8.83820000
1.45834380 8.84110000
1.45834380 8.84110000
1.47553157 8.84490000
1.49271935 8.85660000
1.50990712 8.87600000
1.52709489 8.90300000
1.54428268 8.93760000
1.56147046 8.97950000
1.57865823 9.02860000
1.59584600 9.08470000
1.61303377 9.14750000
1.63022154 9.21690000
1.64740931 9.29250000
1.66459708 9.37390000
1.68178485 9.46090000
1.69897265 9.55310000
1.71616042 9.65010000
1.73334819 9.75150000
1.75053596 9.85680000
1.76772373 9.96560000
1.78491150 10.07740000
1.80209928 10.19150000
1.81928705 10.30760000
1.83647482 10.42500000
1.85366261 10.54310000
1.87085039 10.66100000
1.88803816 10.77820000
1.90522593 10.89460000
1.92241370 11.00920000
1.93960147 11.12590000
1.95678924 11.21570000
1.97397701 11.30400000
1.99116478 11.32900000
2.00835255 11.30570000
2.02554035 11.28700000
2.04272812 11.24260000
2.05991589 11.30390000
2.07710366 11.34090000
2.09429143 11.35820000
2.11147921 11.35580000
2.12866698 11.33730000
2.14585475 11.31680000
2.16304252 11.29410000
2.18023032 11.27190000
2.19741809 11.25140000
2.21460586 11.23320000
2.23179363 11.21790000
2.24898140 11.20590000
2.26616917 11.19720000
2.28335694 11.19210000
2.30054471 11.19050000
2.30054471 11.19050000
2.33492054 11.19730000
2.36929637 11.21640000
2.40367219 11.24590000
2.43804802 11.28410000
2.47242385 11.32570000
2.50679967 11.30890000
2.54117550 11.03350000
2.57555138 10.80160000
2.60992720 10.64440000
2.64430303 10.44820000
2.67867886 10.22000000
2.71305468 9.97230000
2.74743051 9.71430000
2.78180634 9.45240000
2.81618216 9.19090000
2.85055799 8.93280000
2.88493387 8.68070000
2.91930969 8.43700000
2.95368552 8.20460000
2.98806135 7.98810000
3.02243717 7.79520000
3.05681300 7.64070000
3.09118883 7.54940000
3.12556465 7.54110000
3.15994048 7.57400000
3.19431631 7.45570000
3.22869218 7.27450000
3.26306801 7.29760000
3.29744384 7.57960000
3.33181966 7.86860000
3.36619549 8.09000000
3.40057132 8.11610000
3.43494714 8.08400000
3.46932297 8.03150000
3.50369880 7.95680000
3.53807467 7.87340000
3.57245050 7.77830000
3.60682633 7.69240000
3.64120215 7.60410000
3.67557798 7.52530000
3.70995381 7.45410000
3.74432963 7.39020000
3.77870546 7.33430000
3.81308129 7.28680000
3.84745716 7.24750000
3.88183299 7.21690000
3.91620882 7.19490000
3.95058464 7.18200000
3.98496047 7.17720000
3.98496047 7.17720000
3.98891904 7.17450000
3.99287760 7.16670000
3.99683617 7.15450000
4.00079473 7.13890000
4.00475330 7.12060000
4.00871186 7.10040000
4.01267043 7.07890000
4.01662899 7.05630000
4.02058756 7.03310000
4.02454613 7.00940000
4.02850469 6.98530000
4.03246326 6.96110000
4.03642182 6.93670000
4.04038039 6.91230000
4.04433895 6.88790000
4.04829752 6.86350000
4.05225609 6.83930000
4.05621465 6.81520000
4.06017321 6.79120000
4.06413178 6.76750000
4.06809034 6.74400000
4.07204891 6.72080000
4.07600748 6.69790000
4.07996604 6.67530000
4.08392461 6.65310000
4.08788317 6.63120000
4.09184174 6.60970000
4.09580031 6.58870000
4.09975887 6.56810000
4.10371744 6.54800000
4.10767600 6.52850000
4.11163457 6.50960000
4.11559313 6.49130000
4.11955170 6.47370000
4.12351026 6.45680000
4.12746883 6.44060000
4.13142739 6.42540000
4.13538596 6.41100000
4.13934452 6.39750000
4.14330309 6.38510000
4.14726166 6.37380000
4.15122022 6.36360000
4.15517879 6.35460000
4.15913735 6.34690000
4.16309592 6.34050000
4.16705449 6.33540000
4.17101305 6.33180000
4.17497162 6.32960000
4.17893018 6.32890000
4.17893018 6.32890000
4.20869229 6.33220000
4.23845441 6.34220000
4.26821652 6.35880000
4.29797866 6.38190000
4.32774078 6.41150000
4.35750289 6.44740000
4.38726501 6.48970000
4.41702712 6.53810000
4.44678923 6.59250000
4.47655138 6.65270000
4.50631349 6.71860000
4.53607560 6.78990000
4.56583772 6.86640000
4.59559983 6.94780000
4.62536194 7.03360000
4.65512409 7.12320000
4.68488620 7.21580000
4.71464831 7.31020000
4.74441043 7.40410000
4.77417254 7.49360000
4.80393466 7.57160000
4.83369680 7.62500000
4.86345891 7.55350000
4.89322103 7.36370000
4.92298314 7.35260000
4.95274525 7.35370000
4.98250737 7.31050000
5.01226951 7.25030000
5.04203162 7.21430000
5.07179374 7.24740000
5.10155585 7.35150000
5.13131796 7.49940000
5.16108008 7.60640000
5.19084222 7.61940000
5.22060433 7.68700000
5.25036645 7.83010000
5.28012856 7.99650000
5.30989068 8.16180000
5.33965279 8.31470000
5.36941493 8.44810000
5.39917705 8.55810000
5.42893916 8.64410000
5.45870127 8.70890000
5.48846339 8.75640000
5.51822550 8.79040000
5.54798764 8.81410000
5.57774976 8.82950000
5.60751187 8.83830000
5.63727398 8.84110000
5.63727398 8.84110000
5.65446176 8.84500000
5.67164953 8.85660000
5.68883730 8.87600000
5.70602507 8.90300000
5.72321286 8.93760000
5.74040064 8.97950000
5.75758841 9.02860000
5.77477618 9.08470000
5.79196395 9.14760000
5.80915172 9.21700000
5.82633949 9.29260000
5.84352726 9.37400000
5.86071503 9.46110000
5.87790283 9.55330000
5.89509060 9.65030000
5.91227837 9.75170000
5.92946614 9.85700000
5.94665391 9.96580000
5.96384169 10.07760000
5.98102946 10.19190000
5.99821723 10.30810000
6.01540500 10.42550000
6.03259279 10.54370000
6.04978057 10.66160000
6.06696834 10.77920000
6.08415611 10.89660000
6.10134388 11.01210000
6.11853165 11.11650000
6.13571942 11.23420000
6.15290719 11.42080000
6.17009496 11.33000000
6.18728273 11.32670000
6.20447053 11.26760000
6.22165830 11.24580000
6.23884607 11.29310000
6.25603384 11.33920000
6.27322162 11.35600000
6.29040939 11.35210000
6.30759716 11.33750000
6.32478493 11.31640000
6.34197270 11.29390000
6.35916050 11.27170000
6.37634827 11.25110000
6.39353604 11.23300000
6.41072381 11.21770000
6.42791158 11.20570000
6.44509935 11.19710000
6.46228712 11.19190000
6.47947489 11.19030000
6.47947489 11.19030000
6.51385072 11.19710000
6.54822655 11.21620000
6.58260237 11.24550000
6.61697820 11.28230000
6.65135403 11.32320000
6.68572985 11.33570000
6.72010568 11.04940000
6.75448156 10.78720000
6.78885738 10.60310000
6.82323321 10.38740000
6.85760904 10.14090000
6.89198486 9.87680000
6.92636069 9.60450000
6.96073652 9.33010000
6.99511234 9.05740000
7.02948817 8.78910000
7.06386405 8.52760000
7.09823987 8.27480000
7.13261570 8.03350000
7.16699153 7.80800000
7.20136735 7.60630000
7.23574318 7.44570000
7.27011901 7.35610000
7.30449483 7.35470000
7.33887066 7.40320000
7.37324649 7.43590000
7.40762236 7.40590000
7.44199819 7.34770000
7.47637402 7.69280000
7.51074984 7.73870000
7.54512567 7.63410000
7.57950150 7.51250000
7.61387732 7.38940000
7.64825315 7.26920000
7.68262898 7.15400000
7.71700485 7.04490000
7.75138068 6.94250000
7.78575651 6.84730000
7.82013233 6.75950000
7.85450816 6.67930000
7.88888399 6.60700000
7.92325981 6.54280000
7.95763564 6.48660000
7.99201147 6.43880000
8.02638734 6.39950000
8.06076317 6.36870000
8.09513900 6.34660000
8.12951482 6.33330000
8.16389065 6.32890000

